Close
0.1011562570929527
0.1011562570929527
0.1011562570929527
0.1011562570929527
0.1011562570929527
0.1011562570929527
0.1011562570929527
0.1011562570929527
0.1011562570929527
0.1011562570929527
0.1011562570929527
0.1011562570929527
0.1011562570929527
0.1011562570929527
0.1011562570929527
0.1011562570929527
0.1011562570929527
0.1011562570929527
0.1011562570929527
0.1011562570929527
0.1011562570929527
0.1074788123369216
0.1074788123369216
0.1106399297714233
0.1106399297714233
0.1201232522726059
0.1264454871416092
0.1359290927648544
0.1359290927648544
0.1359290927648544
0.1390901654958725
0.1422512978315353
0.1422512978315353
0.1422512978315353
0.1422512978315353
0.1422512978315353
0.1422512978315353
0.1422512978315353
0.1422512978315353
0.1422512978315353
0.1422512978315353
0.1422512978315353
0.1422512978315353
0.1422512978315353
0.1422512978315353
0.1422512978315353
0.1422512978315353
0.1422512978315353
0.1422512978315353
0.1422512978315353
0.1422512978315353
0.1422512978315353
0.1422512978315353
0.1422512978315353
0.1390901654958725
0.1390901654958725
0.1390901654958725
0.1390901654958725
0.1390901654958725
0.1390901654958725
0.1390901654958725
0.1390901654958725
0.1390901654958725
0.1390901654958725
0.1390901654958725
0.1390901654958725
0.1390901654958725
0.1390901654958725
0.1390901654958725
0.1390901654958725
0.1390901654958725
0.1390901654958725
0.1390901654958725
0.1390901654958725
0.1390901654958725
0.1390901654958725
0.1390901654958725
0.1390901654958725
0.1390901654958725
0.1390901654958725
0.1390901654958725
0.1390901654958725
0.1390901654958725
0.1390901654958725
0.1454124003648758
0.1454124003648758
0.1454124003648758
0.1454124003648758
0.1454124003648758
0.1454124003648758
0.1454124003648758
0.1454124003648758
0.1454124003648758
0.1517345309257507
0.1517345309257507
0.1517345309257507
0.1517345309257507
0.1517345309257507
0.1517345309257507
0.1517345309257507
0.1517345309257507
0.1517345309257507
0.1517345309257507
0.1517345309257507
0.1517345309257507
0.1517345309257507
0.1517345309257507
0.1517345309257507
0.1517345309257507
0.1517345309257507
0.1517345309257507
0.1517345309257507
0.1517345309257507
0.1517345309257507
0.1517345309257507
0.1517345309257507
0.1517345309257507
0.1517345309257507
0.1517345309257507
0.1517345309257507
0.1517345309257507
0.1517345309257507
0.1517345309257507
0.1517345309257507
0.1517345309257507
0.1517345309257507
0.1517345309257507
0.1517345309257507
0.1517345309257507
0.1517345309257507
0.1517345309257507
0.1517345309257507
0.1517345309257507
0.1517345309257507
0.1517345309257507
0.1517345309257507
0.1517345309257507
0.1517345309257507
0.1517345309257507
0.1517345309257507
0.1517345309257507
0.1517345309257507
0.1517345309257507
0.1517345309257507
0.1517345309257507
0.1517345309257507
0.1517345309257507
0.1517345309257507
0.1517345309257507
0.1517345309257507
0.1517345309257507
0.1517345309257507
0.1517345309257507
0.1517345309257507
0.1517345309257507
0.1517345309257507
0.1517345309257507
0.1517345309257507
0.1517345309257507
0.1517345309257507
0.1517345309257507
0.1517345309257507
0.1517345309257507
0.1517345309257507
0.1517345309257507
0.1517345309257507
0.1517345309257507
0.1580568552017212
0.1580568552017212
0.1580568552017212
0.1580568552017212
0.1580568552017212
0.1580568552017212
0.1580568552017212
0.1580568552017212
0.1580568552017212
0.1580568552017212
0.1580568552017212
0.1580568552017212
0.1580568552017212
0.1580568552017212
0.1580568552017212
0.1580568552017212
0.1580568552017212
0.1580568552017212
0.1612182706594467
0.1612182706594467
0.1612182706594467
0.1612182706594467
0.1612182706594467
0.1643793135881424
0.1643793135881424
0.1643793135881424
0.1643793135881424
0.167540431022644
0.167540431022644
0.167540431022644
0.167540431022644
0.167540431022644
0.167540431022644
0.167540431022644
0.167540431022644
0.1643793135881424
0.1643793135881424
0.1643793135881424
0.1643793135881424
0.1643793135881424
0.1643793135881424
0.1643793135881424
0.1643793135881424
0.1643793135881424
0.1643793135881424
0.1643793135881424
0.1643793135881424
0.1643793135881424
0.1643793135881424
0.1643793135881424
0.1643793135881424
0.1643793135881424
0.1643793135881424
0.1643793135881424
0.1643793135881424
0.1643793135881424
0.1643793135881424
0.1580568552017212
0.1580568552017212
0.1580568552017212
0.1580568552017212
0.1580568552017212
0.1580568552017212
0.1580568552017212
0.1580568552017212
0.1580568552017212
0.1580568552017212
0.1580568552017212
0.1580568552017212
0.1580568552017212
0.1580568552017212
0.1580568552017212
0.1580568552017212
0.1580568552017212
0.1580568552017212
0.1580568552017212
0.1580568552017212
0.1580568552017212
0.1580568552017212
0.1580568552017212
0.1580568552017212
0.1580568552017212
0.1580568552017212
0.1580568552017212
0.1580568552017212
0.1580568552017212
0.1580568552017212
0.1580568552017212
0.1580568552017212
0.1548957377672195
0.1548957377672195
0.1548957377672195
0.1548957377672195
0.1548957377672195
0.1548957377672195
0.1548957377672195
0.1548957377672195
0.1548957377672195
0.1548957377672195
0.1548957377672195
0.1548957377672195
0.1548957377672195
0.1548957377672195
0.1548957377672195
0.1548957377672195
0.1548957377672195
0.1548957377672195
0.1548957377672195
0.1548957377672195
0.1548957377672195
0.1548957377672195
0.1548957377672195
0.1517345309257507
0.1517345309257507
0.1517345309257507
0.1517345309257507
0.1517345309257507
0.1517345309257507
0.1517345309257507
0.1517345309257507
0.1517345309257507
0.1517345309257507
0.1517345309257507
0.1517345309257507
0.1517345309257507
0.1517345309257507
0.1517345309257507
0.1517345309257507
0.1517345309257507
0.1517345309257507
0.1517345309257507
0.1454124003648758
0.1454124003648758
0.1454124003648758
0.1454124003648758
0.1454124003648758
0.1454124003648758
0.1454124003648758
0.1454124003648758
0.1454124003648758
0.1454124003648758
0.1454124003648758
0.1454124003648758
0.1454124003648758
0.1454124003648758
0.1454124003648758
0.1454124003648758
0.1469931304454803
0.1454124003648758
0.1454124003648758
0.1454124003648758
0.1454124003648758
0.1454124003648758
0.1454124003648758
0.1454124003648758
0.1454124003648758
0.1454124003648758
0.1454124003648758
0.1422512978315353
0.1422512978315353
0.1422512978315353
0.1422512978315353
0.1422512978315353
0.1422512978315353
0.1454124003648758
0.1454124003648758
0.1454124003648758
0.1454124003648758
0.1454124003648758
0.1454124003648758
0.1454124003648758
0.1454124003648758
0.1454124003648758
0.1422512978315353
0.1422512978315353
0.1422512978315353
0.1422512978315353
0.1422512978315353
0.1422512978315353
0.1422512978315353
0.1422512978315353
0.1422512978315353
0.1390901654958725
0.1390901654958725
0.1390901654958725
0.1390901654958725
0.1390901654958725
0.1390901654958725
0.1264454871416092
0.1232843026518821
0.1232843026518821
0.1232843026518821
0.116962119936943
0.116962119936943
0.116962119936943
0.1201232522726059
0.1280261725187301
0.1280261725187301
0.1375094652175903
0.1390901654958725
0.1390901654958725
0.1390901654958725
0.1390901654958725
0.1390901654958725
0.1390901654958725
0.1390901654958725
0.1390901654958725
0.1390901654958725
0.1390901654958725
0.1390901654958725
0.1390901654958725
0.1390901654958725
0.1390901654958725
0.1390901654958725
0.1390901654958725
0.1390901654958725
0.1390901654958725
0.1390901654958725
0.1343483626842498
0.1343483626842498
0.1343483626842498
0.1343483626842498
0.1343483626842498
0.1343483626842498
0.1248650848865509
0.1248650848865509
0.1248650848865509
0.1248650848865509
0.1248650848865509
0.1248650848865509
0.1248650848865509
0.1232843026518821
0.1232843026518821
0.1232843026518821
0.1232843026518821
0.1232843026518821
0.1232843026518821
0.1232843026518821
0.1201232522726059
0.1201232522726059
0.1201232522726059
0.1201232522726059
0.1201232522726059
0.1201232522726059
0.1201232522726059
0.1201232522726059
0.1201232522726059
0.1201232522726059
0.1201232522726059
0.1201232522726059
0.1201232522726059
0.1201232522726059
0.1217039600014686
0.1217039600014686
0.1217039600014686
0.1217039600014686
0.116962119936943
0.116962119936943
0.1106399297714233
0.1106399297714233
0.1106399297714233
0.1106399297714233
0.1106399297714233
0.1106399297714233
0.1106399297714233
0.0948340520262718
0.0964148044586181
0.0964148044586181
0.0964148044586181
0.0964148044586181
0.0964148044586181
0.0964148044586181
0.0964148044586181
0.0964148044586181
0.0964148044586181
0.0964148044586181
0.1011562570929527
0.1011562570929527
0.1011562570929527
0.1011562570929527
0.1011562570929527
0.1011562570929527
0.1011562570929527
0.1011562570929527
0.1138010248541832
0.1138010248541832
0.1138010248541832
0.1138010248541832
0.1138010248541832
0.1138010248541832
0.1138010248541832
0.1138010248541832
0.1138010248541832
0.1138010248541832
0.1138010248541832
0.1185428202152252
0.1185428202152252
0.1185428202152252
0.1185428202152252
0.1185428202152252
0.1185428202152252
0.1185428202152252
0.1185428202152252
0.1185428202152252
0.1201232522726059
0.1201232522726059
0.1201232522726059
0.1201232522726059
0.1201232522726059
0.1201232522726059
0.1201232522726059
0.1201232522726059
0.1201232522726059
0.1201232522726059
0.1217039600014686
0.1217039600014686
0.1217039600014686
0.1217039600014686
0.1217039600014686
0.1217039600014686
0.1217039600014686
0.1217039600014686
0.1217039600014686
0.1217039600014686
0.1217039600014686
0.1217039600014686
0.1232843026518821
0.1232843026518821
0.1232843026518821
0.1232843026518821
0.1264454871416092
0.1264454871416092
0.1264454871416092
0.1264454871416092
0.1264454871416092
0.1264454871416092
0.1264454871416092
0.1264454871416092
0.1264454871416092
0.1264454871416092
0.1264454871416092
0.1264454871416092
0.1296065896749496
0.1296065896749496
0.1296065896749496
0.1296065896749496
0.1296065896749496
0.1296065896749496
0.1296065896749496
0.1264454871416092
0.1264454871416092
0.1264454871416092
0.1264454871416092
0.1264454871416092
0.1264454871416092
0.1264454871416092
0.1264454871416092
0.1264454871416092
0.1264454871416092
0.1264454871416092
0.1264454871416092
0.1264454871416092
0.1264454871416092
0.1264454871416092
0.1264454871416092
0.1264454871416092
0.1264454871416092
0.1264454871416092
0.1264454871416092
0.1264454871416092
0.1264454871416092
0.1264454871416092
0.1264454871416092
0.1264454871416092
0.1327679902315139
0.1327679902315139
0.1327679902315139
0.1327679902315139
0.1327679902315139
0.1327679902315139
0.1327679902315139
0.1327679902315139
0.1327679902315139
0.1327679902315139
0.1359290927648544
0.1359290927648544
0.1359290927648544
0.1359290927648544
0.1359290927648544
0.1375094652175903
0.1375094652175903
0.1375094652175903
0.1390901654958725
0.1390901654958725
0.1390901654958725
0.1454124003648758
0.1548957377672195
0.1643793135881424
0.1643793135881424
0.1643793135881424
0.1643793135881424
0.1707015037536621
0.1707015037536621
0.1707015037536621
0.1707015037536621
0.1707015037536621
0.1833458989858627
0.1833458989858627
0.1801848262548446
0.1801848262548446
0.1722818911075592
0.1722818911075592
0.1722818911075592
0.1722818911075592
0.1643793135881424
0.1643793135881424
0.1643793135881424
0.1643793135881424
0.1643793135881424
0.1643793135881424
0.1612182706594467
0.1580568552017212
0.1580568552017212
0.1580568552017212
0.1580568552017212
0.1580568552017212
0.1580568552017212
0.1580568552017212
0.167540431022644
0.1707015037536621
0.1612182706594467
0.1612182706594467
0.1612182706594467
0.1612182706594467
0.1612182706594467
0.167540431022644
0.167540431022644
0.167540431022644
0.167540431022644
0.1707015037536621
0.1707015037536621
0.1707015037536621
0.177023708820343
0.177023708820343
0.177023708820343
0.177023708820343
0.177023708820343
0.177023708820343
0.177023708820343
0.177023708820343
0.177023708820343
0.177023708820343
0.177023708820343
0.1738626807928085
0.1738626807928085
0.1738626807928085
0.1833458989858627
0.1786044239997863
0.1786044239997863
0.1786044239997863
0.1786044239997863
0.1738626807928085
0.1707015037536621
0.177023708820343
0.177023708820343
0.177023708820343
0.177023708820343
0.177023708820343
0.177023708820343
0.177023708820343
0.177023708820343
0.177023708820343
0.1738626807928085
0.1738626807928085
0.1738626807928085
0.1738626807928085
0.1738626807928085
0.1738626807928085
0.1738626807928085
0.1738626807928085
0.1738626807928085
0.1738626807928085
0.1738626807928085
0.1738626807928085
0.177023708820343
0.1754433661699295
0.1707015037536621
0.1707015037536621
0.1707015037536621
0.1707015037536621
0.1707015037536621
0.1707015037536621
0.1707015037536621
0.1707015037536621
0.1707015037536621
0.1707015037536621
0.1707015037536621
0.1707015037536621
0.1707015037536621
0.1707015037536621
0.167540431022644
0.167540431022644
0.167540431022644
0.167540431022644
0.167540431022644
0.1738626807928085
0.1738626807928085
0.1707015037536621
0.1707015037536621
0.177023708820343
0.177023708820343
0.177023708820343
0.167540431022644
0.167540431022644
0.167540431022644
0.167540431022644
0.167540431022644
0.167540431022644
0.167540431022644
0.167540431022644
0.167540431022644
0.167540431022644
0.167540431022644
0.167540431022644
0.167540431022644
0.167540431022644
0.167540431022644
0.167540431022644
0.167540431022644
0.167540431022644
0.167540431022644
0.1738626807928085
0.1738626807928085
0.1738626807928085
0.1738626807928085
0.1738626807928085
0.1738626807928085
0.1738626807928085
0.1738626807928085
0.1738626807928085
0.1738626807928085
0.1738626807928085
0.1738626807928085
0.1643793135881424
0.1643793135881424
0.1643793135881424
0.1643793135881424
0.1643793135881424
0.1643793135881424
0.1643793135881424
0.1643793135881424
0.1643793135881424
0.1643793135881424
0.1643793135881424
0.1517345309257507
0.1517345309257507
0.1517345309257507
0.1517345309257507
0.1580568552017212
0.1517345309257507
0.1896685510873794
0.1896685510873794
0.1896685510873794
0.1659596413373947
0.1659596413373947
0.1659596413373947
0.1659596413373947
0.1659596413373947
0.1659596413373947
0.1659596413373947
0.1659596413373947
0.1659596413373947
0.1659596413373947
0.1659596413373947
0.1659596413373947
0.1659596413373947
0.1659596413373947
0.1659596413373947
0.1659596413373947
0.1659596413373947
0.150154247879982
0.150154247879982
0.1659596413373947
0.1659596413373947
0.1738626807928085
0.1738626807928085
0.1738626807928085
0.1738626807928085
0.1738626807928085
0.1738626807928085
0.1738626807928085
0.1738626807928085
0.1738626807928085
0.1857167929410934
0.1857167929410934
0.1857167929410934
0.1857167929410934
0.1857167929410934
0.1857167929410934
0.1857167929410934
0.18374103307724
0.2054739296436309
0.2133768945932388
0.2133768945932388
0.2133768945932388
0.2094252854585647
0.2094252854585647
0.2094252854585647
0.2094252854585647
0.2094252854585647
0.2094252854585647
0.2094252854585647
0.2094252854585647
0.2094252854585647
0.2094252854585647
0.2094252854585647
0.2094252854585647
0.2094252854585647
0.2094252854585647
0.2094252854585647
0.2094252854585647
0.2094252854585647
0.2094252854585647
0.2094252854585647
0.2094252854585647
0.2094252854585647
0.2094252854585647
0.2094252854585647
0.2094252854585647
0.2094252854585647
0.2094252854585647
0.2094252854585647
0.2133768945932388
0.2133768945932388
0.2212798595428466
0.2212798595428466
0.2133768945932388
0.2133768945932388
0.2173282355070114
0.2173282355070114
0.2410370260477066
0.2410370260477066
0.2410370260477066
0.2410370260477066
0.2173282355070114
0.2173282355070114
0.2173282355070114
0.2173282355070114
0.2173282355070114
0.2173282355070114
0.2173282355070114
0.2173282355070114
0.2331340312957763
0.2212798595428466
0.2212798595428466
0.2252312898635864
0.2252312898635864
0.2252312898635864
0.2252312898635864
0.2331340312957763
0.2331340312957763
0.2331340312957763
0.2331340312957763
0.2331340312957763
0.2331340312957763
0.2331340312957763
0.2331340312957763
0.2331340312957763
0.2410370260477066
0.2410370260477066
0.2410370260477066
0.2607941925525665
0.2607941925525665
0.2607941925525665
0.2607941925525665
0.2607941925525665
0.2607941925525665
0.2607941925525665
0.2607941925525665
0.2607941925525665
0.2607941925525665
0.2607941925525665
0.2607941925525665
0.2607941925525665
0.2607941925525665
0.2607941925525665
0.2607941925525665
0.2607941925525665
0.2607941925525665
0.2607941925525665
0.2607941925525665
0.2607941925525665
0.2686967253684997
0.2607941925525665
0.2607941925525665
0.2607941925525665
0.2607941925525665
0.2607941925525665
0.2647455036640167
0.2647455036640167
0.2647455036640167
0.2647455036640167
0.2647455036640167
0.2647455036640167
0.2647455036640167
0.2647455036640167
0.2647455036640167
0.2647455036640167
0.2647455036640167
0.2647455036640167
0.2647455036640167
0.2647455036640167
0.2647455036640167
0.2845025956630707
0.2845025956630707
0.2884537577629089
0.2884537577629089
0.2884537577629089
0.2884537577629089
0.2924056053161621
0.300307959318161
0.300307959318161
0.300307959318161
0.3042596876621246
0.3062353432178497
0.3062353432178497
0.3161141574382782
0.3161141574382782
0.3161141574382782
0.300307959318161
0.300307959318161
0.300307959318161
0.3042596876621246
0.3082109689712524
0.3161141574382782
0.3161141574382782
0.3042596876621246
0.3319192826747894
0.3319192826747894
0.3319192826747894
0.3319192826747894
0.3319192826747894
0.3319192826747894
0.3319192826747894
0.3319192826747894
0.3319192826747894
0.3319192826747894
0.3358711004257202
0.3082109689712524
0.3358711004257202
0.3358711004257202
0.3358711004257202
0.3042596876621246
0.3161141574382782
0.3161141574382782
0.3161141574382782
0.3161141574382782
0.3161141574382782
0.3161141574382782
0.300307959318161
0.300307959318161
0.300307959318161
0.3279681801795959
0.3279681801795959
0.3240170478820801
0.3240170478820801
0.3279681801795959
0.3279681801795959
0.3279681801795959
0.3279681801795959
0.3240170478820801
0.3240170478820801
0.3240170478820801
0.3240170478820801
0.3240170478820801
0.3240170478820801
0.3240170478820801
0.3240170478820801
0.3240170478820801
0.302283763885498
0.3161141574382782
0.3161141574382782
0.3161141574382782
0.3161141574382782
0.3161141574382782
0.3161141574382782
0.3240170478820801
0.3240170478820801
0.3161141574382782
0.3161141574382782
0.3161141574382782
0.3240170478820801
0.3240170478820801
0.3200652003288269
0.3200652003288269
0.3200652003288269
0.3200652003288269
0.3200652003288269
0.3200652003288269
0.3062353432178497
0.3200652003288269
0.3200652003288269
0.3200652003288269
0.3319192826747894
0.3319192826747894
0.3319192826747894
0.3437740206718445
0.3437740206718445
0.3437740206718445
0.3437740206718445
0.3437740206718445
0.3437740206718445
0.3358711004257202
0.3358711004257202
0.3358711004257202
0.3556281924247741
0.3556281924247741
0.3556281924247741
0.3556281924247741
0.3595795333385467
0.4030450582504272
0.4030450582504272
0.4030450582504272
0.4030450582504272
0.4030450582504272
0.4030450582504272
0.4030450582504272
0.4030450582504272
0.4030450582504272
0.4030450582504272
0.4030450582504272
0.4425593614578247
0.4267537891864776
0.4504625797271728
0.4504625797271728
0.4504625797271728
0.4504625797271728
0.4504625797271728
0.4504625797271728
0.4504625797271728
0.4504625797271728
0.4504625797271728
0.4504625797271728
0.563077986240387
0.563077986240387
0.563077986240387
0.563077986240387
0.563077986240387
0.563077986240387
0.4445350468158722
0.4544138014316559
0.4544138014316559
0.4544138014316559
0.4544138014316559
0.4544138014316559
0.4544138014316559
0.4544138014316559
0.4544138014316559
0.4544138014316559
0.4544138014316559
0.4544138014316559
0.4544138014316559
0.4544138014316559
0.4544138014316559
0.4544138014316559
0.4346566498279571
0.4445350468158722
0.4346566498279571
0.4346566498279571
0.4346566498279571
0.4642924070358276
0.4642924070358276
0.4642924070358276
0.4642924070358276
0.4642924070358276
0.4642924070358276
0.4642924070358276
0.4642924070358276
0.4642924070358276
0.4642924070358276
0.4642924070358276
0.4642924070358276
0.4642924070358276
0.4642924070358276
0.4544138014316559
0.4346566498279571
0.4346566498279571
0.4642924070358276
0.4642924070358276
0.4642924070358276
0.4642924070358276
0.4642924070358276
0.4642924070358276
0.4642924070358276
0.4642924070358276
0.4642924070358276
0.4642924070358276
0.4544138014316559
0.4544138014316559
0.4544138014316559
0.4544138014316559
0.4346566498279571
0.4346566498279571
0.4346566498279571
0.4544138014316559
0.4544138014316559
0.4544138014316559
0.4445350468158722
0.4346566498279571
0.4346566498279571
0.4346566498279571
0.4346566498279571
0.4346566498279571
0.4544138014316559
0.4544138014316559
0.4544138014316559
0.4346566498279571
0.4346566498279571
0.4346566498279571
0.4346566498279571
0.4346566498279571
0.4346566498279571
0.4346566498279571
0.4346566498279571
0.4346566498279571
0.4346566498279571
0.4346566498279571
0.4346566498279571
0.4346566498279571
0.4346566498279571
0.4346566498279571
0.4346566498279571
0.4346566498279571
0.4346566498279571
0.4544138014316559
0.4544138014316559
0.4544138014316559
0.4346566498279571
0.4642924070358276
0.4741706252098083
0.4741706252098083
0.4741706252098083
0.4544138014316559
0.4593530893325805
0.4593530893325805
0.4593530893325805
0.4593530893325805
0.4593530893325805
0.4593530893325805
0.4593530893325805
0.4791105985641479
0.4791105985641479
0.484049528837204
0.4939278662204742
0.4939278662204742
0.4939278662204742
0.4939278662204742
0.4939278662204742
0.4939278662204742
0.4939278662204742
0.4939278662204742
0.4939278662204742
0.4939278662204742
0.4939278662204742
0.4939278662204742
0.4988674819469452
0.5038068294525146
0.5038068294525146
0.5038068294525146
0.5038068294525146
0.5038068294525146
0.5038068294525146
0.5038068294525146
0.5038068294525146
0.4692313373088836
0.4692313373088836
0.4692313373088836
0.5038068294525146
0.5038068294525146
0.4741706252098083
0.4741706252098083
0.4741706252098083
0.5038068294525146
0.4618227481842041
0.488988846540451
0.488988846540451
0.4988674819469452
0.5136851072311401
0.4741706252098083
0.5038068294525146
0.5038068294525146
0.5038068294525146
0.5186240673065186
0.5186240673065186
0.5136851072311401
0.5136851072311401
0.5136851072311401
0.5136851072311401
0.5136851072311401
0.5136851072311401
0.5136851072311401
0.5136851072311401
0.5136851072311401
0.5136851072311401
0.5136851072311401
0.5087456703186035
0.5087456703186035
0.4791105985641479
0.5038068294525146
0.4791105985641479
0.4791105985641479
0.4791105985641479
0.4791105985641479
0.4791105985641479
0.4791105985641479
0.4791105985641479
0.5038068294525146
0.5038068294525146
0.5038068294525146
0.5038068294525146
0.5038068294525146
0.5087456703186035
0.5038068294525146
0.4791105985641479
0.4791105985641479
0.4791105985641479
0.4791105985641479
0.4741706252098083
0.4741706252098083
0.4741706252098083
0.4741706252098083
0.4741706252098083
0.4741706252098083
0.484049528837204
0.5087456703186035
0.5087456703186035
0.5087456703186035
0.5087456703186035
0.5136851072311401
0.5136851072311401
0.5235639214515686
0.5235639214515686
0.5235639214515686
0.5828350186347961
0.5877744555473328
0.5581385493278503
0.5531991124153137
0.5531991124153137
0.5729562044143677
0.5729562044143677
0.5729562044143677
0.5729562044143677
0.5729562044143677
0.5334421396255493
0.5680173635482788
0.5680173635482788
0.5680173635482788
0.5531991124153137
0.5729562044143677
0.5729562044143677
0.5729562044143677
0.5729562044143677
0.5729562044143677
0.563077986240387
0.563077986240387
0.563077986240387
0.5927135944366455
0.6124710440635681
0.5927135944366455
0.6322283148765564
0.6322283148765564
0.6322283148765564
0.6322283148765564
0.5976526141166687
0.6322283148765564
0.6322283148765564
0.6322283148765564
0.6322283148765564
0.6322283148765564
0.6421063542366028
0.6421063542366028
0.6421063542366028
0.6322283148765564
0.6322283148765564
0.6322283148765564
0.6618630886077881
0.6618630886077881
0.6618630886077881
0.6421063542366028
0.6618630886077881
0.6618630886077881
0.6618630886077881
0.6618630886077881
0.6618630886077881
0.6519846320152283
0.6618630886077881
0.6618630886077881
0.4445350468158722
0.4445350468158722
0.4148997068405151
0.4445350468158722
0.4544138014316559
0.4544138014316559
0.4544138014316559
0.4544138014316559
0.4544138014316559
0.4445350468158722
0.4445350468158722
0.4445350468158722
0.4445350468158722
0.4297171533107757
0.4297171533107757
0.4198389053344726
0.4395960867404938
0.4395960867404938
0.4395960867404938
0.4395960867404938
0.4395960867404938
0.4395960867404938
0.4395960867404938
0.4395960867404938
0.4395960867404938
0.4395960867404938
0.4346566498279571
0.4346566498279571
0.4346566498279571
0.4346566498279571
0.4346566498279571
0.4346566498279571
0.4346566498279571
0.4346566498279571
0.4346566498279571
0.4247779250144958
0.4099600613117218
0.4099600613117218
0.4346566498279571
0.4346566498279571
0.4223081767559051
0.4223081767559051
0.4247779250144958
0.4247779250144958
0.4346566498279571
0.4346566498279571
0.4247779250144958
0.4247779250144958
0.4247779250144958
0.4247779250144958
0.4247779250144958
0.4247779250144958
0.4148997068405151
0.4148997068405151
0.4247779250144958
0.4148997068405151
0.4198389053344726
0.4247779250144958
0.4247779250144958
0.4247779250144958
0.4148997068405151
0.4099600613117218
0.4099600613117218
0.4247779250144958
0.4148997068405151
0.4148997068405151
0.4247779250144958
0.4247779250144958
0.4247779250144958
0.4247779250144958
0.4198389053344726
0.4050209522247314
0.4247779250144958
0.4346566498279571
0.4247779250144958
0.4099600613117218
0.4099600613117218
0.4148997068405151
0.4297171533107757
0.4297171533107757
0.4099600613117218
0.4247779250144958
0.4247779250144958
0.4247779250144958
0.4247779250144958
0.4148997068405151
0.4148997068405151
0.4148997068405151
0.4148997068405151
0.4099600613117218
0.4247779250144958
0.4247779250144958
0.4247779250144958
0.4247779250144958
0.4247779250144958
0.4247779250144958
0.4247779250144958
0.4247779250144958
0.4247779250144958
0.4247779250144958
0.4247779250144958
0.4247779250144958
0.4247779250144958
0.4247779250144958
0.4247779250144958
0.4247779250144958
0.4247779250144958
0.4247779250144958
0.4247779250144958
0.4247779250144958
0.4247779250144958
0.4247779250144958
0.4247779250144958
0.4247779250144958
0.4247779250144958
0.4247779250144958
0.4247779250144958
0.4247779250144958
0.4247779250144958
0.4247779250144958
0.4148997068405151
0.4297171533107757
0.4297171533107757
0.4247779250144958
0.4247779250144958
0.4247779250144958
0.4445350468158722
0.4297171533107757
0.4445350468158722
0.4642924070358276
0.4642924070358276
0.4544138014316559
0.4741706252098083
0.484049528837204
0.484049528837204
0.484049528837204
0.4741706252098083
0.484049528837204
0.484049528837204
0.484049528837204
0.484049528837204
0.484049528837204
0.484049528837204
0.484049528837204
0.484049528837204
0.484049528837204
0.484049528837204
0.484049528837204
0.4642924070358276
0.4642924070358276
0.4642924070358276
0.484049528837204
0.484049528837204
0.484049528837204
0.484049528837204
0.484049528837204
0.484049528837204
0.484049528837204
0.484049528837204
0.484049528837204
0.484049528837204
0.484049528837204
0.488988846540451
0.488988846540451
0.4741706252098083
0.4741706252098083
0.4988674819469452
0.4988674819469452
0.4988674819469452
0.5087456703186035
0.5186240673065186
0.5186240673065186
0.5285030007362366
0.5285030007362366
0.5285030007362366
0.5285030007362366
0.5383812785148621
0.5383812785148621
0.5383812785148621
0.5433210730552673
0.5433210730552673
0.5531991124153137
0.5531991124153137
0.5581385493278503
0.5581385493278503
0.5482603907585144
0.5482603907585144
0.5433210730552673
0.5433210730552673
0.5334421396255493
0.5334421396255493
0.5186240673065186
0.5433210730552673
0.5433210730552673
0.5136851072311401
0.5136851072311401
0.5433210730552673
0.5433210730552673
0.5433210730552673
0.5433210730552673
0.5433210730552673
0.5531991124153137
0.563077986240387
0.563077986240387
0.6075314879417419
0.6124710440635681
0.6124710440635681
0.6223493218421936
0.5531991124153137
0.6223493218421936
0.6025919914245605
0.6223493218421936
0.6223493218421936
0.6322283148765564
0.6519846320152283
0.6371665596961975
0.6519846320152283
0.6124710440635681
0.6421063542366028
0.6421063542366028
0.6421063542366028
0.6421063542366028
0.6025919914245605
0.6025919914245605
0.5927135944366455
0.5927135944366455
0.5927135944366455
0.5927135944366455
0.5828350186347961
0.6322283148765564
0.6322283148765564
0.6322283148765564
0.6322283148765564
0.6322283148765564
0.6322283148765564
0.5828350186347961
0.6223493218421936
0.6223493218421936
0.5828350186347961
0.5828350186347961
0.5828350186347961
0.6223493218421936
0.6421063542366028
0.6421063542366028
0.617409884929657
0.629758358001709
0.629758358001709
0.617409884929657
0.6421063542366028
0.6421063542366028
0.6421063542366028
0.6421063542366028
0.6421063542366028
0.6421063542366028
0.6421063542366028
0.5988876223564148
0.5988876223564148
0.617409884929657
0.629758358001709
0.629758358001709
0.629758358001709
0.629758358001709
0.629758358001709
0.617409884929657
0.629758358001709
0.629758358001709
0.629758358001709
0.629758358001709
0.629758358001709
0.6050618886947632
0.6050618886947632
0.617409884929657
0.617409884929657
0.617409884929657
0.617409884929657
0.629758358001709
0.629758358001709
0.629758358001709
0.5927135944366455
0.5927135944366455
0.5927135944366455
0.5927135944366455
0.5803653597831726
0.629758358001709
0.6050618886947632
0.617409884929657
0.617409884929657
0.617409884929657
0.5803653597831726
0.6050618886947632
0.629758358001709
0.629758358001709
0.629758358001709
0.6050618886947632
0.6421063542366028
0.6359322667121887
0.6050618886947632
0.6421063542366028
0.6421063542366028
0.6421063542366028
0.6050618886947632
0.6421063542366028
0.629758358001709
0.629758358001709
0.7161955237388611
0.7161955237388611
0.6791509389877319
0.6791509389877319
0.6791509389877319
0.6791509389877319
0.7038472294807434
0.7038472294807434
0.7038472294807434
0.7038472294807434
0.7038472294807434
0.7038472294807434
0.7038472294807434
0.7038472294807434
0.7038472294807434
0.7038472294807434
0.7038472294807434
0.7285435199737549
0.7285435199737549
0.7223700284957886
0.7223700284957886
0.7285435199737549
0.7285435199737549
0.7285435199737549
0.7285435199737549
0.7285435199737549
0.7038472294807434
0.7285435199737549
0.7285435199737549
0.7285435199737549
0.7038472294807434
0.7223700284957886
0.7532396912574768
0.7532396912574768
0.7161955237388611
0.7161955237388611
0.7161955237388611
0.7161955237388611
0.7532396912574768
0.7655884623527527
0.7655884623527527
0.7779368162155151
0.7779368162155151
0.7902846336364746
0.7902846336364746
0.7902846336364746
0.740892231464386
0.7902846336364746
0.7625014185905457
0.7902846336364746
0.740892231464386
0.740892231464386
0.7902846336364746
0.7902846336364746
0.740892231464386
0.7902846336364746
0.7902846336364746
0.7902846336364746
0.740892231464386
0.740892231464386
0.7902846336364746
0.7902846336364746
0.7902846336364746
0.7902846336364746
0.7902846336364746
0.7748493552207947
0.7655884623527527
0.7655884623527527
0.7655884623527527
0.7655884623527527
0.9631586670875548
1.0619441270828247
0.9878562092781068
1.0125517845153809
1.0125517845153809
0.9878562092781068
1.0372484922409058
0.9631586670875548
1.0526841878890991
1.0619441270828247
1.0619441270828247
1.0619441270828247
1.0742933750152588
0.9878562092781068
0.9878562092781068
1.0125517845153809
1.0125517845153809
1.0125517845153809
1.0125517845153809
0.913766384124756
1.0125517845153809
0.9384626746177672
0.9878562092781068
0.9878562092781068
0.9878562092781068
0.9878562092781068
0.9631586670875548
0.9631586670875548
0.8890700936317444
0.8890700936317444
0.8890700936317444
0.9384626746177672
1.1360347270965576
1.38299822807312
1.234819769859314
1.3089091777801514
1.185427188873291
1.185427188873291
1.2842131853103638
1.3089091777801514
1.2101235389709473
1.1113373041152954
1.2101235389709473
1.2101235389709473
1.2101235389709473
1.1360347270965576
1.1977756023406982
1.1730788946151731
1.1977756023406982
1.185427188873291
1.185427188873291
1.185427188873291
1.185427188873291
1.185427188873291
1.185427188873291
1.1360347270965576
1.0866416692733765
1.0804672241210938
1.0866416692733765
1.0804672241210938
1.092815637588501
1.0866416692733765
1.0866416692733765
1.0866416692733765
1.0989890098571775
1.0989890098571775
1.0989890098571775
1.105163812637329
1.1236863136291504
1.1236863136291504
1.129860281944275
1.105163812637329
1.0989890098571775
1.105163812637329
1.0742933750152588
1.0742933750152588
1.0495973825454712
1.0866416692733765
1.0495973825454712
1.0434229373931885
1.0434229373931885
1.0434229373931885
1.0310746431350708
1.0310746431350708
0.9816817045211792
0.913766384124756
0.8828964829444885
0.8828964829444885
0.8828964829444885
0.8767218589782715
0.8828964829444885
0.8890700936317444
0.8582000732421875
0.8828964829444885
0.8890700936317444
0.8890700936317444
0.8582000732421875
0.8458517789840698
0.8582000732421875
0.8582000732421875
0.8582000732421875
0.8828964829444885
0.8705483078956604
0.8705483078956604
0.8828964829444885
0.8890700936317444
0.8767218589782715
0.8767218589782715
0.8767218589782715
0.8643738627433777
0.8643738627433777
0.8705483078956604
0.8643738627433777
0.8643738627433777
0.8705483078956604
0.8705483078956604
0.8767218589782715
0.8767218589782715
0.8767218589782715
0.8890700936317444
0.8890700936317444
0.8890700936317444
0.8828964829444885
0.8952445387840271
0.8952445387840271
0.8828964829444885
0.8828964829444885
0.8767218589782715
0.8582000732421875
0.8396778106689453
0.8273294568061829
0.821155309677124
0.8396778106689453
0.8396778106689453
0.8273294568061829
0.8335034251213074
0.8273294568061829
0.8458517789840698
0.8273294568061829
0.8149809241294861
0.8026326894760132
0.7902846336364746
0.7964593172073364
0.7779368162155151
0.7594141364097595
0.7161955237388611
0.6668027639389038
0.6668027639389038
0.6668027639389038
0.6359322667121887
0.6421063542366028
0.6482807993888855
0.6668027639389038
0.7161955237388611
0.7779368162155151
0.7779368162155151
0.7779368162155151
0.7902846336364746
0.821155309677124
0.8273294568061829
0.8335034251213074
0.8335034251213074
0.8520254492759705
0.8767218589782715
0.8767218589782715
0.8520254492759705
0.8520254492759705
0.8458517789840698
0.8520254492759705
0.8396778106689453
0.8396778106689453
0.8396778106689453
0.8335034251213074
0.8396778106689453
0.8396778106689453
0.8335034251213074
0.8273294568061829
0.8149809241294861
0.7841108441352844
0.7779368162155151
0.7779368162155151
0.7779368162155151
0.7779368162155151
0.7779368162155151
0.7779368162155151
0.7655884623527527
0.7779368162155151
0.8088071942329407
0.8088071942329407
0.8149809241294861
0.8088071942329407
0.8088071942329407
0.8088071942329407
0.8088071942329407
0.7902846336364746
0.7655884623527527
0.7717623710632324
0.7594141364097595
0.7594141364097595
0.740892231464386
0.7347180247306824
0.7347180247306824
0.7223700284957886
0.6976734399795532
0.7285435199737549
0.7285435199737549
0.7285435199737549
0.7285435199737549
0.6976734399795532
0.6914992332458496
0.6791509389877319
0.6791509389877319
0.6791509389877319
0.6668027639389038
0.6668027639389038
0.6729773879051208
0.6729773879051208
0.6482807993888855
0.6606283783912659
0.6668027639389038
0.6668027639389038
0.6668027639389038
0.6544545888900757
0.6544545888900757
0.6482807993888855
0.6482807993888855
0.6359322667121887
0.629758358001709
0.6235840916633606
0.5988876223564148
0.5988876223564148
0.5741912126541138
0.5741912126541138
0.6050618886947632
0.6050618886947632
0.617409884929657
0.617409884929657
0.629758358001709
0.617409884929657
0.617409884929657
0.6235840916633606
0.6235840916633606
0.6235840916633606
0.617409884929657
0.6112359166145325
0.5927135944366455
0.5988876223564148
0.5927135944366455
0.5988876223564148
0.5927135944366455
0.5927135944366455
0.5988876223564148
0.5680173635482788
0.5494945049285889
0.5186240673065186
0.5062758922576904
0.4568833708763122
0.4630576074123382
0.5309720635414124
0.5618432760238647
0.5618432760238647
0.5618432760238647
0.5618432760238647
0.5988876223564148
0.5927135944366455
0.5927135944366455
0.5927135944366455
0.5927135944366455
0.5927135944366455
0.5927135944366455
0.5865398049354553
0.5865398049354553
0.5927135944366455
0.5865398049354553
0.5803653597831726
0.5803653597831726
0.5680173635482788
0.5556686520576477
0.5433210730552673
0.5433210730552673
0.5433210730552673
0.5494945049285889
0.5494945049285889
0.5494945049285889
0.5494945049285889
0.5433210730552673
0.5433210730552673
0.5494945049285889
0.5433210730552673
0.5433210730552673
0.5556686520576477
0.5433210730552673
0.5433210730552673
0.5494945049285889
0.5494945049285889
0.5433210730552673
0.5371465086936951
0.5247986912727356
0.5309720635414124
0.5247986912727356
0.5309720635414124
0.5309720635414124
0.5247986912727356
0.5247986912727356
0.5247986912727356
0.5186240673065186
0.5247986912727356
0.5247986912727356
0.5371465086936951
0.5309720635414124
0.5494945049285889
0.5433210730552673
0.5494945049285889
0.5494945049285889
0.5433210730552673
0.5433210730552673
0.5433210730552673
0.5433210730552673
0.5433210730552673
0.5371465086936951
0.5371465086936951
0.5371465086936951
0.5371465086936951
0.5494945049285889
0.5556686520576477
0.5433210730552673
0.5371465086936951
0.5371465086936951
0.5371465086936951
0.5309720635414124
0.5309720635414124
0.5309720635414124
0.5309720635414124
0.5309720635414124
0.5309720635414124
0.5309720635414124
0.5309720635414124
0.5309720635414124
0.5247986912727356
0.5309720635414124
0.5186240673065186
0.5124503970146179
0.5124503970146179
0.5186240673065186
0.5186240673065186
0.5309720635414124
0.5680173635482788
0.5803653597831726
0.5927135944366455
0.6421063542366028
0.6668027639389038
0.6668027639389038
0.6914992332458496
0.6791509389877319
0.6791509389877319
0.6791509389877319
0.6853249669075012
0.6791509389877319
0.6791509389877319
0.6853249669075012
0.6668027639389038
0.6668027639389038
0.6668027639389038
0.6668027639389038
0.6729773879051208
0.6729773879051208
0.6606283783912659
0.6544545888900757
0.6606283783912659
0.6482807993888855
0.6482807993888855
0.6606283783912659
0.6606283783912659
0.6544545888900757
0.6482807993888855
0.6359322667121887
0.6359322667121887
0.6421063542366028
0.6421063542366028
0.6421063542366028
0.6421063542366028
0.6421063542366028
0.6421063542366028
0.6359322667121887
0.6359322667121887
0.6421063542366028
0.6359322667121887
0.629758358001709
0.617409884929657
0.6112359166145325
0.6235840916633606
0.6112359166145325
0.6112359166145325
0.6235840916633606
0.6359322667121887
0.6359322667121887
0.629758358001709
0.6235840916633606
0.6235840916633606
0.6235840916633606
0.6235840916633606
0.6235840916633606
0.6235840916633606
0.617409884929657
0.617409884929657
0.629758358001709
0.6359322667121887
0.6359322667121887
0.6235840916633606
0.6235840916633606
0.6235840916633606
0.6359322667121887
0.6359322667121887
0.6359322667121887
0.6359322667121887
0.629758358001709
0.629758358001709
0.629758358001709
0.629758358001709
0.6235840916633606
0.6235840916633606
0.617409884929657
0.617409884929657
0.629758358001709
0.629758358001709
0.629758358001709
0.629758358001709
0.629758358001709
0.6359322667121887
0.6359322667121887
0.617409884929657
0.6235840916633606
0.6112359166145325
0.5988876223564148
0.5865398049354553
0.5865398049354553
0.5803653597831726
0.5803653597831726
0.5803653597831726
0.5803653597831726
0.5803653597831726
0.5865398049354553
0.5741912126541138
0.5865398049354553
0.5927135944366455
0.617409884929657
0.617409884929657
0.5927135944366455
0.5927135944366455
0.5927135944366455
0.5803653597831726
0.5680173635482788
0.5680173635482788
0.5680173635482788
0.5618432760238647
0.5556686520576477
0.5556686520576477
0.5433210730552673
0.5433210730552673
0.5433210730552673
0.5124503970146179
0.5001022815704346
0.5124503970146179
0.5124503970146179
0.5186240673065186
0.5247986912727356
0.5124503970146179
0.5186240673065186
0.5062758922576904
0.5062758922576904
0.4939278662204742
0.5062758922576904
0.5186240673065186
0.5186240673065186
0.5186240673065186
0.5186240673065186
0.5433210730552673
0.5556686520576477
0.5680173635482788
0.5741912126541138
0.5618432760238647
0.5741912126541138
0.5803653597831726
0.5680173635482788
0.5680173635482788
0.5741912126541138
0.5741912126541138
0.5618432760238647
0.5618432760238647
0.5680173635482788
0.5556686520576477
0.5556686520576477
0.5680173635482788
0.5680173635482788
0.5680173635482788
0.5556686520576477
0.5618432760238647
0.5680173635482788
0.5680173635482788
0.5680173635482788
0.5741912126541138
0.5741912126541138
0.5741912126541138
0.5618432760238647
0.5618432760238647
0.5680173635482788
0.5556686520576477
0.5803653597831726
0.5741912126541138
0.5741912126541138
0.5680173635482788
0.5618432760238647
0.5494945049285889
0.5556686520576477
0.5556686520576477
0.5556686520576477
0.5556686520576477
0.5556686520576477
0.5618432760238647
0.5618432760238647
0.5680173635482788
0.5680173635482788
0.5556686520576477
0.5433210730552673
0.5494945049285889
0.5494945049285889
0.5494945049285889
0.5494945049285889
0.5494945049285889
0.5433210730552673
0.5371465086936951
0.5309720635414124
0.5247986912727356
0.5001022815704346
0.5001022815704346
0.4939278662204742
0.4877540171146393
0.4692313373088836
0.4568833708763122
0.4630576074123382
0.4568833708763122
0.4507090747356415
0.4568833708763122
0.4568833708763122
0.4568833708763122
0.4568833708763122
0.4445350468158722
0.4445350468158722
0.4507090747356415
0.4445350468158722
0.4445350468158722
0.4445350468158722
0.4321866929531097
0.4260127246379852
0.4260127246379852
0.4260127246379852
0.4260127246379852
0.4321866929531097
0.4136649668216705
0.4136649668216705
0.4136649668216705
0.4136649668216705
0.4260127246379852
0.4260127246379852
0.4260127246379852
0.4445350468158722
0.43836110830307
0.4445350468158722
0.43836110830307
0.43836110830307
0.4445350468158722
0.4445350468158722
0.4630576074123382
0.4692313373088836
0.4692313373088836
0.4692313373088836
0.4507090747356415
0.4445350468158722
0.43836110830307
0.4507090747356415
0.4445350468158722
0.4445350468158722
0.4630576074123382
0.4568833708763122
0.4568833708763122
0.4630576074123382
0.4815796911716461
0.4815796911716461
0.4754053652286529
0.5062758922576904
0.5062758922576904
0.4877540171146393
0.5124503970146179
0.5186240673065186
0.5247986912727356
0.5433210730552673
0.5803653597831726
0.5927135944366455
0.5927135944366455
0.5803653597831726
0.5865398049354553
0.5803653597831726
0.5927135944366455
0.5927135944366455
0.5988876223564148
0.5927135944366455
0.5865398049354553
0.5556686520576477
0.5556686520576477
0.5680173635482788
0.5680173635482788
0.5680173635482788
0.5433210730552673
0.5247986912727356
0.5186240673065186
0.4939278662204742
0.5001022815704346
0.5001022815704346
0.5001022815704346
0.5001022815704346
0.4939278662204742
0.4939278662204742
0.4939278662204742
0.4939278662204742
0.5001022815704346
0.5001022815704346
0.4939278662204742
0.4939278662204742
0.5062758922576904
0.5062758922576904
0.5186240673065186
0.5186240673065186
0.5186240673065186
0.5186240673065186
0.5247986912727356
0.5186240673065186
0.5350486636161804
0.5350486636161804
0.5350486636161804
0.5226059556007385
0.5226059556007385
0.4977197647094726
0.4977197647094726
0.4977197647094726
0.4977197647094726
0.5039417743682861
0.5039417743682861
0.5163845419883728
0.5163845419883728
0.5101627707481384
0.5039417743682861
0.5101627707481384
0.5288276076316833
0.5288276076316833
0.5288276076316833
0.5226059556007385
0.5226059556007385
0.5226059556007385
0.5039417743682861
0.5039417743682861
0.4977197647094726
0.4914985597133636
0.4977197647094726
0.5039417743682861
0.5101627707481384
0.5163845419883728
0.5163845419883728
0.5163845419883728
0.5350486636161804
0.5288276076316833
0.5226059556007385
0.5288276076316833
0.5163845419883728
0.5163845419883728
0.5226059556007385
0.5163845419883728
0.5163845419883728
0.5226059556007385
0.5226059556007385
0.5101627707481384
0.5039417743682861
0.5039417743682861
0.5039417743682861
0.5039417743682861
0.4914985597133636
0.4977197647094726
0.4977197647094726
0.5039417743682861
0.5039417743682861
0.5039417743682861
0.4977197647094726
0.5101627707481384
0.5101627707481384
0.5101627707481384
0.5101627707481384
0.5101627707481384
0.5016348361968994
0.5079056620597839
0.5079056620597839
0.5016348361968994
0.5079056620597839
0.5016348361968994
0.4953647255897522
0.4828234612941742
0.4890941083431244
0.4953647255897522
0.4953647255897522
0.4953647255897522
0.5016348361968994
0.4953647255897522
0.5016348361968994
0.5016348361968994
0.5016348361968994
0.4953647255897522
0.5016348361968994
0.5016348361968994
0.4953647255897522
0.4953647255897522
0.4953647255897522
0.5016348361968994
0.5016348361968994
0.5016348361968994
0.5079056620597839
0.5016348361968994
0.5079056620597839
0.5016348361968994
0.4953647255897522
0.4890941083431244
0.4890941083431244
0.4890941083431244
0.4890941083431244
0.4953647255897522
0.4953647255897522
0.4953647255897522
0.4953647255897522
0.4953647255897522
0.4828234612941742
0.4890941083431244
0.4953647255897522
0.4953647255897522
0.4953647255897522
0.4953647255897522
0.4890941083431244
0.4953647255897522
0.4890941083431244
0.4890941083431244
0.4890941083431244
0.4890941083431244
0.4890941083431244
0.4890941083431244
0.5016348361968994
0.5016348361968994
0.5016348361968994
0.5016348361968994
0.4953647255897522
0.4953647255897522
0.4953647255897522
0.4890941083431244
0.4890941083431244
0.4890941083431244
0.480495423078537
0.467851310968399
0.467851310968399
0.480495423078537
0.480495423078537
0.480495423078537
0.4615286588668823
0.4552062153816223
0.4552062153816223
0.4552062153816223
0.4488840699195862
0.4425617456436157
0.4299171566963196
0.4362393319606781
0.4299171566963196
0.4299171566963196
0.417272537946701
0.417272537946701
0.417272537946701
0.417272537946701
0.423594981431961
0.4362393319606781
0.4552062153816223
0.480495423078537
0.4868176579475403
0.4931402206420898
0.4931402206420898
0.4931402206420898
0.4931402206420898
0.4931402206420898
0.4931402206420898
0.4931402206420898
0.5184293389320374
0.512107253074646
0.512107253074646
0.512107253074646
0.512107253074646
0.512107253074646
0.512107253074646
0.5057846903800964
0.5057846903800964
0.5057846903800964
0.4994625747203827
0.4994625747203827
0.4994625747203827
0.5057846903800964
0.4994625747203827
0.5184293389320374
0.5057846903800964
0.5057846903800964
0.4868176579475403
0.4931402206420898
0.480495423078537
0.4741733372211456
0.4868176579475403
0.4931402206420898
0.4868176579475403
0.4868176579475403
0.4868176579475403
0.480495423078537
0.4868176579475403
0.4994625747203827
0.5500409603118896
0.5417303442955017
0.5073099136352539
0.5073099136352539
0.4880445003509521
0.4816232025623321
0.4944662153720855
0.4880445003509521
0.5008880496025085
0.5008880496025085
0.5008880496025085
0.4816232025623321
0.4944662153720855
0.5008880496025085
0.5329963564872742
0.5394179821014404
0.5394179821014404
0.6100562214851379
0.6036341786384583
0.5907912850379944
0.5715259313583374
0.565105140209198
0.565105140209198
0.565105140209198
0.565105140209198
0.5522611737251282
0.5522611737251282
0.5394179821014404
0.5329963564872742
0.5265745520591736
0.5265745520591736
0.5265745520591736
0.5265745520591736
0.5265745520591736
0.5522611737251282
0.5715259313583374
0.5715259313583374
0.565105140209198
0.5522611737251282
0.5586827397346497
0.5586827397346497
0.5522611737251282
0.565105140209198
0.565105140209198
0.5715259313583374
0.5843697190284729
0.5779474973678589
0.5907912850379944
0.5843697190284729
0.5779474973678589
0.5715259313583374
0.5843697190284729
0.5972128510475159
0.6100562214851379
0.6036341786384583
0.6164773106575012
0.6293213963508606
0.6550074815750122
0.6935374736785889
0.6871156692504883
0.6806942224502563
0.6742727756500244
0.6678509712219238
0.6485859155654907
0.6614293456077576
0.6720263957977295
0.6526411771774292
0.6526411771774292
0.6526411771774292
0.6461792588233948
0.6267936825752258
0.6203319430351257
0.6074085831642151
0.6074085831642151
0.6138707995414734
0.6138707995414734
0.6138707995414734
0.6267936825752258
0.6267936825752258
0.6138707995414734
0.6203319430351257
0.6203319430351257
0.6203319430351257
0.5686382055282593
0.6009467244148254
0.575099527835846
0.6009467244148254
0.6138707995414734
0.6074085831642151
0.6074085831642151
0.6009467244148254
0.6074085831642151
0.5944849848747253
0.5944849848747253
0.5880233645439148
0.5880233645439148
0.6009467244148254
0.5815610289573669
0.5815610289573669
0.5815610289573669
0.5815610289573669
0.5815610289573669
0.5815610289573669
0.575099527835846
0.575099527835846
0.5815610289573669
0.575099527835846
0.575099527835846
0.575099527835846
0.5880233645439148
0.5880233645439148
0.5815610289573669
0.5880233645439148
0.5880233645439148
0.5880233645439148
0.5944849848747253
0.5880233645439148
0.5880233645439148
0.5880233645439148
0.5815610289573669
0.5944849848747253
0.5944849848747253
0.6074085831642151
0.5944849848747253
0.5944849848747253
0.5944849848747253
0.5921425223350525
0.6051563620567322
0.6051563620567322
0.6181707382202148
0.6116632223129272
0.6246771812438965
0.6246771812438965
0.6246771812438965
0.6311846375465393
0.6637198328971863
0.6637198328971863
0.6637198328971863
0.6767339706420898
0.6832411289215088
0.6767339706420898
0.6832411289215088
0.6832411289215088
0.6767339706420898
0.6637198328971863
0.6702267527580261
0.6572129726409912
0.6507056951522827
0.6507056951522827
0.6507056951522827
0.6572129726409912
0.6572129726409912
0.6507056951522827
0.6441987156867981
0.6376917958259583
0.6507056951522827
0.6507056951522827
0.6376917958259583
0.6572129726409912
0.6637198328971863
0.6767339706420898
0.6832411289215088
0.6637198328971863
0.6702267527580261
0.6767339706420898
0.6832411289215088
0.6767339706420898
0.6572129726409912
0.6441987156867981
0.6441987156867981
0.6441987156867981
0.6441987156867981
0.6441987156867981
0.6702267527580261
0.6637198328971863
0.6702267527580261
0.7027618288993835
0.7092692852020264
0.7027618288993835
0.6962548494338989
0.6897481679916382
0.6962548494338989
0.6962548494338989
0.7027618288993835
0.7027618288993835
0.741804838180542
0.7287904024124146
0.7222833633422852
0.7287904024124146
0.7329786419868469
0.7329786419868469
0.7329786419868469
0.7657011151313782
0.7657011151313782
0.7722455859184265
0.7657011151313782
0.7591567039489746
0.7657011151313782
0.7657011151313782
0.7657011151313782
0.7657011151313782
0.7657011151313782
0.7657011151313782
0.7657011151313782
0.7591567039489746
0.7787900567054749
0.7722455859184265
0.7722455859184265
0.7591567039489746
0.752612292766571
0.7591567039489746
0.7591567039489746
0.752612292766571
0.7264341711997986
0.7133454084396362
0.7329786419868469
0.7198898196220398
0.7264341711997986
0.7264341711997986
0.7264341711997986
0.693712055683136
0.7068005800247192
0.693712055683136
0.7002561688423157
0.7002561688423157
0.7002561688423157
0.7002561688423157
0.6871676445007324
0.693712055683136
0.7264341711997986
0.7329786419868469
0.7133454084396362
0.7002561688423157
0.7002561688423157
0.7002561688423157
0.7002561688423157
0.6740784049034119
0.6871676445007324
0.6871676445007324
0.693712055683136
0.7133454084396362
0.7198898196220398
0.7133454084396362
0.7068005800247192
0.7068005800247192
0.7002561688423157
0.6871676445007324
0.6871676445007324
0.6871676445007324
0.7198898196220398
0.7198898196220398
0.7198898196220398
0.7178876399993896
0.7113012075424194
0.7113012075424194
0.6492873430252075
0.6559128761291504
0.6559128761291504
0.6625383496284485
0.669163703918457
0.6625383496284485
0.6625383496284485
0.6625383496284485
0.6625383496284485
0.6625383496284485
0.6625383496284485
0.6625383496284485
0.6625383496284485
0.6492873430252075
0.6492873430252075
0.6492873430252075
0.6625383496284485
0.6625383496284485
0.669163703918457
0.6757888197898865
0.6757888197898865
0.6757888197898865
0.6890397071838379
0.6890397071838379
0.6890397071838379
0.6890397071838379
0.6890397071838379
0.7022907137870789
0.6824142336845398
0.6625383496284485
0.6625383496284485
0.6625383496284485
0.6360365748405457
0.6360365748405457
0.6360365748405457
0.6360365748405457
0.6426620483398438
0.6294113993644714
0.6294113993644714
0.6360365748405457
0.6095352172851562
0.6227856874465942
0.61616051197052
0.61616051197052
0.6095352172851562
0.6029099822044373
0.61616051197052
0.6227856874465942
0.6294113993644714
0.6095352172851562
0.6227856874465942
0.6227856874465942
0.6227856874465942
0.6294113993644714
0.6294113993644714
0.6294113993644714
0.6227856874465942
0.6227856874465942
0.6294113993644714
0.6360365748405457
0.6360365748405457
0.646975040435791
0.6403048634529114
0.6403048634529114
0.6403048634529114
0.646975040435791
0.6336355805397034
0.626965343952179
0.626965343952179
0.646975040435791
0.646975040435791
0.646975040435791
0.646975040435791
0.6403048634529114
0.646975040435791
0.646975040435791
0.646975040435791
0.6536450386047363
0.646975040435791
0.6669846177101135
0.6736547946929932
0.6869938969612122
0.6736547946929932
0.6869938969612122
0.6869938969612122
0.6736547946929932
0.6869938969612122
0.680324375629425
0.680324375629425
0.680324375629425
0.680324375629425
0.6936638951301575
0.680324375629425
0.6669846177101135
0.6669846177101135
0.6669846177101135
0.6669846177101135
0.6669846177101135
0.680324375629425
0.6936638951301575
0.6936638951301575
0.6936638951301575
0.6936638951301575
0.6936638951301575
0.6869938969612122
0.680324375629425
0.6869938969612122
0.6869938969612122
0.6869938969612122
0.680324375629425
0.680324375629425
0.6869938969612122
0.6869938969612122
0.6869938969612122
0.6869938969612122
0.6869938969612122
0.6869938969612122
0.6869938969612122
0.6936638951301575
0.6736547946929932
0.6869938969612122
0.6869938969612122
0.7070035934448242
0.7314291000366211
0.7314291000366211
0.7045879364013672
0.6978772878646851
0.6978772878646851
0.7784021496772766
0.7784021496772766
0.771691620349884
0.771691620349884
0.771691620349884
0.7784021496772766
0.7851123213768005
0.7784021496772766
0.7851123213768005
0.791822075843811
0.8052432537078857
0.8052432537078857
0.8186637759208679
0.8253744840621948
0.8186637759208679
0.84550541639328
0.8589257597923279
0.8589257597923279
0.84550541639328
0.84550541639328
0.8052432537078857
0.8186637759208679
0.8186637759208679
0.8186637759208679
0.8186637759208679
0.8186637759208679
0.8186637759208679
0.8186637759208679
0.8253744840621948
0.8253744840621948
0.8253744840621948
0.8186637759208679
0.8320847749710083
0.8320847749710083
0.8253744840621948
0.8186637759208679
0.8119528293609619
0.8052432537078857
0.8186637759208679
0.8253744840621948
0.8253744840621948
0.8186637759208679
0.8186637759208679
0.8119528293609619
0.8119528293609619
0.8119528293609619
0.7985329031944275
0.8052432537078857
0.8052432537078857
0.791822075843811
0.791822075843811
0.791822075843811
0.791822075843811
0.7851123213768005
0.791822075843811
0.7784021496772766
0.7784021496772766
0.7582710981369019
0.7649810314178467
0.7649810314178467
0.7649810314178467
0.771691620349884
0.771691620349884
0.7692617177963257
0.7692617177963257
0.7692617177963257
0.7760100364685059
0.7760100364685059
0.7625141143798828
0.7760100364685059
0.7692617177963257
0.7692617177963257
0.7760100364685059
0.7557663321495056
0.7625141143798828
0.7625141143798828
0.7557663321495056
0.7692617177963257
0.7692617177963257
0.7692617177963257
0.7692617177963257
0.7557663321495056
0.7557663321495056
0.7557663321495056
0.7557663321495056
0.7490179538726807
0.7490179538726807
0.7490179538726807
0.7557663321495056
0.7557663321495056
0.7557663321495056
0.7557663321495056
0.7557663321495056
0.7490179538726807
0.7490179538726807
0.7355231046676636
0.7287741899490356
0.7321482300758362
0.7321482300758362
0.7287741899490356
0.7287741899490356
0.7287741899490356
0.7355231046676636
0.7355231046676636
0.7355231046676636
0.7557663321495056
0.7625141143798828
0.7557663321495056
0.7557663321495056
0.7490179538726807
0.7625141143798828
0.7557663321495056
0.7557663321495056
0.7557663321495056
0.7557663321495056
0.7557663321495056
0.7557663321495056
0.7760100364685059
0.7895057201385498
0.7827578783035278
0.7827578783035278
0.7962536215782166
0.7962536215782166
0.8097499012947083
0.8232452869415283
0.8299931883811951
0.8637328147888184
0.8637328147888184
0.8134075403213501
0.8337429165840149
0.8337429165840149
0.8337429165840149
0.8405208587646484
0.8405208587646484
0.8269640803337097
0.8134075403213501
0.8269640803337097
0.8269640803337097
0.8269640803337097
0.8337429165840149
0.8201857209205627
0.8269640803337097
0.8269640803337097
0.8201857209205627
0.8201857209205627
0.8066293001174927
0.7998508214950562
0.7862940430641174
0.7727368474006653
0.7659586668014526
0.7659586668014526
0.7591804265975952
0.7456235289573669
0.7456235289573669
0.7456235289573669
0.7591804265975952
0.7659586668014526
0.7524014711380005
0.7388458251953125
0.7524014711380005
0.7456235289573669
0.7524014711380005
0.7524014711380005
0.7524014711380005
0.7591804265975952
0.7727368474006653
0.7659586668014526
0.7795156240463257
0.7727368474006653
0.7795156240463257
0.7727368474006653
0.7524014711380005
0.7591804265975952
0.7524014711380005
0.7524014711380005
0.7524014711380005
0.7456235289573669
0.7591804265975952
0.7591804265975952
0.7524014711380005
0.7456235289573669
0.7456235289573669
0.7524014711380005
0.7456235289573669
0.7431694269180298
0.7499868273735046
0.7363504767417908
0.7363504767417908
0.7295323014259338
0.7227147817611694
0.7227147817611694
0.7022605538368225
0.7022605538368225
0.709078311920166
0.7295323014259338
0.7431694269180298
0.7431694269180298
0.7431694269180298
0.7431694269180298
0.7363504767417908
0.7568047046661377
0.7499868273735046
0.7636233568191528
0.7636233568191528
0.7636233568191528
0.7499868273735046
0.7636233568191528
0.7568047046661377
0.7363504767417908
0.7227147817611694
0.7227147817611694
0.7227147817611694
0.7227147817611694
0.7227147817611694
0.7158966064453125
0.7227147817611694
0.7227147817611694
0.7158966064453125
0.7295323014259338
0.7363504767417908
0.7295323014259338
0.7295323014259338
0.709078311920166
0.7227147817611694
0.7227147817611694
0.709078311920166
0.709078311920166
0.709078311920166
0.7022605538368225
0.7022605538368225
0.6954423785209656
0.6954423785209656
0.7022605538368225
0.7022605538368225
0.7022605538368225
0.709078311920166
0.7158966064453125
0.7295323014259338
0.709078311920166
0.7227147817611694
0.709078311920166
0.709078311920166
0.7158966064453125
0.7158966064453125
0.709078311920166
0.6886243224143982
0.6954423785209656
0.7022605538368225
0.709078311920166
0.709078311920166
0.6886243224143982
0.7022605538368225
0.7022605538368225
0.6954423785209656
0.6929724216461182
0.6929724216461182
0.7066943049430847
0.7066943049430847
0.7066943049430847
0.7066943049430847
0.7066943049430847
0.7066943049430847
0.7204164862632751
0.7135556936264038
0.7135556936264038
0.7135556936264038
0.7066943049430847
0.7066943049430847
0.7135556936264038
0.7135556936264038
0.7066943049430847
0.7066943049430847
0.6998336315155029
0.6998336315155029
0.6998336315155029
0.6998336315155029
0.6998336315155029
0.6998336315155029
0.7066943049430847
0.6998336315155029
0.7135556936264038
0.7135556936264038
0.7135556936264038
0.7135556936264038
0.7135556936264038
0.6998336315155029
0.6998336315155029
0.6998336315155029
0.7066943049430847
0.7135556936264038
0.6998336315155029
0.6998336315155029
0.7135556936264038
0.7204164862632751
0.7204164862632751
0.7204164862632751
0.7066943049430847
0.7066943049430847
0.7066943049430847
0.7135556936264038
0.7135556936264038
0.7135556936264038
0.7135556936264038
0.7135556936264038
0.7135556936264038
0.7066943049430847
0.7204164862632751
0.7204164862632751
0.7204164862632751
0.7204164862632751
0.7204164862632751
0.7204164862632751
0.7135556936264038
0.7135556936264038
0.7135556936264038
0.7135556936264038
0.7135556936264038
0.7135556936264038
0.7135556936264038
0.7135556936264038
0.7135556936264038
0.7135556936264038
0.7135556936264038
0.7135556936264038
0.7135556936264038
0.7135556936264038
0.7204164862632751
0.7135556936264038
0.7272776365280151
0.7409996390342712
0.7547218203544617
0.7547218203544617
0.7615835070610046
0.7684445381164551
0.7615835070610046
0.7684445381164551
0.7684445381164551
0.7684445381164551
0.7615835070610046
0.7684445381164551
0.7684445381164551
0.7684445381164551
0.7684445381164551
0.7684445381164551
0.7821658849716187
0.7958887815475464
0.8164722919464111
0.809610903263092
0.8164722919464111
0.8164722919464111
0.809610903263092
0.809610903263092
0.7958887815475464
0.7958887815475464
0.7958887815475464
0.7958887815475464
0.7958887815475464
0.7958887815475464
0.7958887815475464
0.8027501106262207
0.7958887815475464
0.7958887815475464
0.7821658849716187
0.7890284657478333
0.7821658849716187
0.7753056287765503
0.7753056287765503
0.7821658849716187
0.7821658849716187
0.7581528425216675
0.7581528425216675
0.7581528425216675
0.7684445381164551
0.7753056287765503
0.7684445381164551
0.7958887815475464
0.8027501106262207
0.8301940560340881
0.8301940560340881
0.8301940560340881
0.8233334422111511
0.8164722919464111
0.7377073764801025
0.7308128476142883
0.7170237302780151
0.7170237302780151
0.7170237302780151
0.7170237302780151
0.7514964938163757
0.7514964938163757
0.7308128476142883
0.7170237302780151
0.7377073764801025
0.7377073764801025
0.7377073764801025
0.7342602610588074
0.7514964938163757
0.7514964938163757
0.7308128476142883
0.7583905458450317
0.7583905458450317
0.7583905458450317
0.7446014881134033
0.7377073764801025
0.7308128476142883
0.7239187955856323
0.7170237302780151
0.7170237302780151
0.7377073764801025
0.7239187955856323
0.7170237302780151
0.7239187955856323
0.7239187955856323
0.7101295590400696
0.7170237302780151
0.7308128476142883
0.7446014881134033
0.7514964938163757
0.7446014881134033
0.7377073764801025
0.7308128476142883
0.7308128476142883
0.7377073764801025
0.7514964938163757
0.7308128476142883
0.7308128476142883
0.7446014881134033
0.7446014881134033
0.7446014881134033
0.7377073764801025
0.7239187955856323
0.7308128476142883
0.7446014881134033
0.7446014881134033
0.7446014881134033
0.7377073764801025
0.7377073764801025
0.7308128476142883
0.7308128476142883
0.7308128476142883
0.7377073764801025
0.7446014881134033
0.7446014881134033
0.7421049475669861
0.7559762001037598
0.7559762001037598
0.7698469161987305
0.7490403056144714
0.797589898109436
0.7767829298973083
0.7698469161987305
0.7767829298973083
0.811460554599762
0.811460554599762
0.7906532883644104
0.8045250177383423
0.797589898109436
0.7906532883644104
0.797589898109436
0.811460554599762
0.8045250177383423
0.811460554599762
0.811460554599762
0.8183958530426025
0.8253315687179565
0.8392024636268616
0.8392024636268616
0.8600090742111206
0.8322671055793762
0.8253315687179565
0.8392024636268616
0.8392024636268616
0.8461388349533081
0.8530733585357666
0.8530733585357666
0.8461388349533081
0.8461388349533081
0.8600090742111206
0.8530733585357666
0.8600090742111206
0.8530733585357666
0.8461388349533081
0.8530733585357666
0.8461388349533081
0.8461388349533081
0.8392024636268616
0.8322671055793762
0.8392024636268616
0.8461388349533081
0.8392024636268616
0.8392024636268616
0.8392024636268616
0.8461388349533081
0.8461388349533081
0.8461388349533081
0.8461388349533081
0.8530733585357666
0.8738803863525391
0.8877514004707336
0.8877514004707336
0.9154940247535706
0.9293652176856996
0.9224295616149902
0.9224295616149902
0.9154940247535706
0.9293652176856996
0.9268564581871032
0.9617001414299012
0.9617001414299012
0.9617001414299012
0.9617001414299012
0.968669295310974
0.9756378531455994
1.0035134553909302
0.9547317028045654
0.940793752670288
0.9268564581871032
0.940793752670288
0.9477623105049132
0.9477623105049132
0.9268564581871032
0.9198871850967408
0.9198871850967408
0.9129184484481812
0.9129184484481812
0.9129184484481812
0.9059494733810424
0.9059494733810424
0.8920119404792786
0.8989810943603516
0.9059494733810424
0.9059494733810424
0.8989810943603516
0.8920119404792786
0.8920119404792786
0.8920119404792786
0.8989810943603516
0.9268564581871032
0.9129184484481812
0.9198871850967408
0.9129184484481812
0.9129184484481812
0.9059494733810424
0.9129184484481812
0.8920119404792786
0.9059494733810424
0.8920119404792786
0.8920119404792786
0.8920119404792786
0.8920119404792786
0.8920119404792786
0.8920119404792786
0.8920119404792786
0.9059494733810424
0.9059494733810424
0.9129184484481812
0.9198871850967408
0.9059494733810424
0.9129184484481812
0.9198871850967408
0.9198871850967408
0.9198871850967408
0.9198871850967408
0.9198871850967408
0.9268564581871032
0.9129184484481812
0.9059494733810424
0.9059494733810424
0.9129184484481812
0.8963910937309265
0.8963910937309265
0.9033944606781006
0.9103970527648926
0.9103970527648926
0.8963910937309265
0.9174003005027772
0.9103970527648926
0.9103970527648926
0.9033944606781006
0.9033944606781006
0.9174003005027772
0.9174003005027772
0.9103970527648926
0.924403190612793
0.9314066767692566
0.9314066767692566
0.9314066767692566
0.9174003005027772
0.924403190612793
0.924403190612793
0.924403190612793
0.9174003005027772
0.924403190612793
0.9103970527648926
0.9033944606781006
0.9033944606781006
0.8963910937309265
0.882384717464447
0.882384717464447
0.8963910937309265
0.8963910937309265
0.9384095668792723
0.9734247326850892
0.980427622795105
0.987430989742279
1.001436710357666
0.987430989742279
1.0504580736160278
1.1064831018447876
1.1204888820648191
1.12749183177948
1.1064831018447876
1.1134859323501587
1.1134859323501587
1.1134859323501587
1.1134859323501587
1.1204888820648191
1.1204888820648191
1.1204888820648191
1.1204888820648191
1.12749183177948
1.1204888820648191
1.1134859323501587
1.1064831018447876
1.1134859323501587
1.0994795560836792
1.071467399597168
1.0994795560836792
1.12749183177948
1.1344949007034302
1.141498565673828
1.155503511428833
1.1625072956085205
1.1751739978790283
1.1843208074569702
1.223024845123291
1.2152841091156006
1.2152841091156006
1.2152841091156006
1.2462470531463623
1.2694693803787231
1.2694693803787231
1.2462470531463623
1.2385064363479614
1.2462470531463623
1.2539879083633425
1.2075437307357788
1.1998021602630615
1.1920617818832395
1.1301374435424805
1.1069146394729614
1.12239670753479
1.1533594131469729
1.1765811443328855
1.1688400506973269
1.1533594131469729
1.1533594131469729
1.1688400506973269
1.1533594131469729
1.1533594131469729
1.1688400506973269
1.1688400506973269
1.145618200302124
1.145618200302124
1.1765811443328855
1.161099195480347
1.1843208074569702
1.1920617818832395
1.1843208074569702
1.1765811443328855
1.1765811443328855
1.161099195480347
1.1765811443328855
1.1688400506973269
1.1533594131469729
1.1378779411315918
1.1378779411315918
1.12239670753479
1.1533594131469729
1.1533594131469729
1.1765811443328855
1.1765811443328855
1.1920617818832395
1.1920617818832395
1.1765811443328855
1.1765811443328855
1.161099195480347
1.114655613899231
1.114655613899231
1.1301374435424805
1.1301374435424805
1.12239670753479
1.1378779411315918
1.145618200302124
1.1596271991729736
1.167410373687744
1.167410373687744
1.1518447399139404
1.1596271991729736
1.1596271991729736
1.1518447399139404
1.1596271991729736
1.167410373687744
1.167410373687744
1.1440622806549072
1.1596271991729736
1.167410373687744
1.1829752922058103
1.221888542175293
1.214106798171997
1.2374544143676758
1.221888542175293
1.214106798171997
1.229672074317932
1.229672074317932
1.214106798171997
1.221888542175293
1.214106798171997
1.214106798171997
1.229672074317932
1.2374544143676758
1.2374544143676758
1.2413458824157717
1.2530205249786377
1.2919349670410156
1.2919349670410156
1.2880421876907349
1.2685859203338623
1.2685859203338623
1.2724769115447998
1.276368260383606
1.276368260383606
1.276368260383606
1.2841510772705078
1.2841510772705078
1.2997167110443115
1.2919349670410156
1.2919349670410156
1.307499647140503
1.3230655193328855
1.3230655193328855
1.3230655193328855
1.3230655193328855
1.3308473825454712
1.338629961013794
1.346413254737854
1.3541961908340454
1.4086750745773315
1.5721123218536377
1.649939775466919
1.5915693044662476
1.5643291473388672
1.5565462112426758
1.5409818887710571
1.57989501953125
1.5331989526748655
1.5643291473388672
1.57989501953125
1.500197410583496
1.465035915374756
1.437688946723938
1.4415961503982544
1.4142487049102783
1.4064347743988037
1.3673670291900637
1.3283004760742188
1.2579783201217651
1.2736051082611084
1.2970465421676636
1.3204861879348757
1.3283004760742188
1.3361129760742188
1.3595539331436155
1.3908077478408811
1.3908077478408811
1.398621678352356
1.3751802444458008
1.3595539331436155
1.3673670291900637
1.3634604215621948
1.355646729469299
1.3283004760742188
1.343926191329956
1.343926191329956
1.3673670291900637
1.437688946723938
1.429875373840332
1.429875373840332
1.4064347743988037
1.4064347743988037
1.4064347743988037
1.418155312538147
1.418155312538147
1.445502996444702
1.4415961503982544
1.445502996444702
1.4415961503982544
1.437688946723938
1.437688946723938
1.4220619201660156
1.437688946723938
1.437688946723938
1.437688946723938
1.429875373840332
1.429875373840332
1.449409246444702
1.4689431190490725
1.5627046823501587
1.5509852170944214
1.5509852170944214
1.5509852170944214
1.5509852170944214
1.5861459970474243
1.5744259357452393
1.5822396278381348
1.5548914670944214
1.5548914670944214
1.5783326625823977
1.5744259357452393
1.5705187320709229
1.5783326625823977
1.5705187320709229
1.5705187320709229
1.5783326625823977
1.6002973318099976
1.6512871980667114
1.666976809501648
1.714043378829956
1.690510869026184
1.7022771835327148
1.6944327354431152
1.6944327354431152
1.686587691307068
1.6708990335464478
1.643442988395691
1.5963759422302246
1.6120641231536863
1.6277538537979126
1.663054585456848
1.6552096605300903
1.686587691307068
1.6944327354431152
1.690510869026184
1.690510869026184
1.6944327354431152
1.7454222440719604
1.7571898698806765
1.749344825744629
1.7454222440719604
1.7258111238479614
1.7101211547851562
1.7258111238479614
1.749344825744629
1.7454222440719604
1.7532670497894287
1.7924903631210327
1.7964121103286743
1.7807226181030271
1.7807226181030271
1.7964121103286743
1.800334334373474
1.800334334373474
1.7924903631210327
1.8042575120925903
1.8042575120925903
1.7964121103286743
1.859169363975525
1.819945335388184
1.8042575120925903
1.8042575120925903
1.8160234689712524
1.8356353044509888
1.859169363975525
1.8827025890350344
1.9180030822753904
1.9650708436965945
2.314155340194702
2.251398801803589
2.259244680404663
2.2670884132385254
2.29846715927124
2.337689161300659
2.3298444747924805
2.314155340194702
2.322000741958618
2.3298444747924805
2.3298444747924805
2.259244680404663
2.188642740249634
2.15334153175354
2.212176322937012
2.0945074558258057
2.031749963760376
2.008217096328736
1.945459246635437
1.9415377378463743
1.945459246635437
2.157264471054077
2.227864980697632
2.259244680404663
2.327777147293091
2.4341225624084477
2.640904426574707
2.611363887786865
2.7236173152923584
2.611363887786865
2.493201494216919
2.386857032775879
2.4104888439178467
2.5050182342529297
2.5050182342529297
2.62317967414856
2.611363887786865
2.5641000270843506
2.552284002304077
2.5818235874176025
2.6822609901428223
2.611363887786865
2.646814107894897
2.4223058223724365
2.4223058223724365
2.457754373550415
2.457754373550415
2.3573172092437744
2.528651237487793
2.552284002304077
2.481386184692383
2.457754373550415
2.4104888439178467
2.392765760421753
2.4341225624084477
2.4223058223724365
2.4223058223724365
2.4341225624084477
2.4223058223724365
2.4223058223724365
2.428213596343994
2.4104888439178467
2.493201494216919
2.575915098190308
2.575915098190308
2.5404670238494877
2.552284002304077
2.5404670238494877
2.528651237487793
2.552284002304077
2.514331340789795
2.466890811920166
2.4906108379364014
2.526191234588623
2.407590866088867
2.3601505756378174
2.3482894897460938
2.330501079559326
2.3601505756378174
2.342359781265259
2.354219913482666
2.324570894241333
2.330501079559326
2.3482894897460938
2.336430311203003
2.342359781265259
2.3482894897460938
2.312711000442505
2.312711000442505
2.2771308422088623
2.2415504455566406
2.2296900749206543
2.324570894241333
2.288989782333374
2.288989782333374
2.2118990421295166
2.1229498386383057
2.11108946800232
2.051788806915283
2.194109916687012
2.2771308422088623
2.288989782333374
2.3482894897460938
2.3660809993743896
2.312711000442505
2.2771308422088623
2.265270233154297
2.2296900749206543
2.2415504455566406
2.1703898906707764
2.1229498386383057
2.087369918823242
2.028069972991944
2.0636494159698486
2.0636494159698486
2.01620888710022
2.0636494159698486
2.146669626235962
2.2415504455566406
2.205970525741577
2.1763203144073486
2.1763203144073486
2.1763203144073486
2.1525983810424805
2.182248830795288
2.265270233154297
2.300849914550781
2.312711000442505
2.2711992263793945
2.2771308422088623
2.2949202060699463
2.300849914550781
2.2949202060699463
2.3223116397857666
2.3104028701782227
2.328266859054565
2.3223116397857666
2.3223116397857666
2.316356658935547
2.292537212371826
2.274674415588379
2.280627965927124
2.2865843772888184
2.280627965927124
2.238945484161377
2.238945484161377
2.173445224761963
2.185354709625244
2.197265863418579
2.1913089752197266
2.185354709625244
2.131762742996216
2.096035480499268
2.131762742996216
2.0900814533233643
2.1079447269439697
2.113898754119873
2.096035480499268
2.0603065490722656
2.0364890098571777
2.0483975410461426
2.0662612915039062
2.042442560195923
1.9948065280914309
1.9948065280914309
1.9828964471817017
1.9948065280914309
1.9828964471817017
1.9531232118606567
1.9233489036560056
1.881667137145996
1.90548574924469
1.8697582483291624
1.9114409685134888
1.8757131099700928
1.8399858474731443
1.8995311260223389
1.8221204280853271
1.7983025312423706
1.8340306282043457
1.7863937616348269
1.8340306282043457
1.8578503131866453
1.881667137145996
1.881667137145996
1.8757131099700928
1.9293053150177
1.9293053150177
1.9888510704040527
2.0186245441436768
2.0364890098571777
2.072216033935547
2.131762742996216
2.0900814533233643
2.096035480499268
2.012670516967773
2.082072734832764
2.1239538192749023
2.0880556106567383
2.094037771224976
2.070106267929077
2.034208059310913
2.070106267929077
2.070106267929077
2.0461747646331787
2.058141231536865
2.0222432613372803
2.0880556106567383
2.082072734832764
2.1000211238861084
2.129936695098877
2.1777994632720947
2.207716226577759
2.1419029235839844
2.153869152069092
2.1419029235839844
2.1897647380828857
2.1897647380828857
2.225663661956787
2.225663661956787
2.201732397079468
2.207716226577759
2.249595165252685
2.3154096603393555
2.3213908672332764
2.3213908672332764
2.333357095718384
2.291475772857666
2.297459125518799
2.297459125518799
2.357288360595703
2.4769482612609863
2.4410500526428223
2.4171183109283447
2.488914728164673
2.488914728164673
2.464982509613037
2.429084539413452
2.453017473220825
2.4769482612609863
2.333357095718384
2.369255304336548
2.3632729053497314
2.369255304336548
2.381220817565918
2.393186569213867
2.393186569213867
2.393186569213867
2.369255304336548
2.345322847366333
2.3213908672332764
2.249595165252685
2.2555782794952397
2.279510498046875
2.30942440032959
2.4051520824432373
2.429084539413452
2.369255304336548
2.369255304336548
2.488914728164673
2.421904802322388
2.3824169635772705
2.369255304336548
2.369255304336548
2.3363494873046875
2.356093406677246
2.3824169635772705
2.3034415245056152
2.257373332977295
2.2244668006896973
2.13232970237732
2.1060047149658203
2.13232970237732
2.13232970237732
2.1257479190826416
2.1318390369415283
2.118598461151123
2.078874349594116
2.0854949951171875
2.0854949951171875
2.0854949951171875
2.0523922443389893
2.0523922443389893
2.019289970397949
2.0656330585479736
2.092115640640259
2.0523922443389893
2.0523922443389893
2.0523922443389893
2.0523922443389893
2.092115640640259
2.0259101390838623
2.012669324874878
1.992806315422058
2.006046772003174
2.019289970397949
2.012669324874878
2.0259101390838623
2.032529354095459
2.0391504764556885
2.092115640640259
2.092115640640259
2.264251947402954
2.224528551101685
2.224528551101685
2.158322095870972
2.1914241313934326
2.1715633869171143
2.198045492172241
2.224528551101685
2.198045492172241
2.198045492172241
2.1914241313934326
2.118598461151123
2.092115640640259
1.999427080154419
2.092115640640259
2.078874349594116
2.111977815628052
2.1318390369415283
2.118598461151123
2.078101396560669
2.1180648803710938
2.0514590740203857
2.0847620964050293
2.13138747215271
2.1180648803710938
2.1180648803710938
2.044797658920288
2.058119535446167
2.1180648803710938
2.1447081565856934
2.257937431335449
2.2645981311798096
2.151367425918579
2.184670925140381
2.1713497638702397
2.1913318634033203
2.2379558086395264
2.2379558086395264
2.2645981311798096
2.3045613765716557
2.351184844970703
2.431112289428711
2.4510951042175293
2.4644153118133545
2.477736473083496
2.4644153118133545
2.4644153118133545
2.457754850387573
2.4644153118133545
2.4644153118133545
2.477736473083496
2.4644153118133545
2.4644153118133545
2.604285955429077
2.644251108169556
2.504377841949463
2.4843971729278564
2.504377841949463
2.504377841949463
2.504377841949463
2.477736473083496
2.477736473083496
2.497718811035156
2.497718811035156
2.497718811035156
2.504377841949463
2.531022310256958
2.524360656738281
2.531022310256958
2.531022310256958
2.524360656738281
2.537682056427002
2.5576629638671875
2.610947370529175
2.5709846019744877
2.5576629638671875
2.5909664630889893
2.584306478500366
2.597627878189087
2.597627878189087
2.6375906467437744
2.657573699951172
2.703887462615967
2.717271089553833
2.784199953079224
2.744044065475464
2.730656385421753
2.690502405166626
2.697194099426269
2.717271089553833
2.717271089553833
2.717271089553833
2.717271089553833
2.8377435207366943
3.17238187789917
2.857820987701416
2.958212614059448
2.958212614059448
2.891285181045532
2.897977113723755
2.8377435207366943
2.784199953079224
2.777507781982422
2.79758620262146
2.777507781982422
2.79758620262146
2.810971736907959
2.784199953079224
2.784199953079224
2.770813226699829
2.744044065475464
2.717271089553833
2.784199953079224
2.770813226699829
2.744044065475464
2.770813226699829
2.764122009277344
2.764122009277344
2.764122009277344
2.784199953079224
2.79758620262146
2.784199953079224
2.8377435207366943
2.810971736907959
2.79758620262146
2.784199953079224
2.784199953079224
2.784199953079224
2.784199953079224
2.851128339767456
2.891285181045532
2.884592771530152
2.884592771530152
2.897977113723755
2.891285181045532
2.9046707153320312
2.891285181045532
2.891285181045532
2.8645129203796387
2.8645129203796387
2.891285181045532
2.884592771530152
2.877899169921875
2.8712077140808105
2.8645129203796387
2.823639154434204
2.7833006381988525
2.823639154434204
2.8505308628082275
2.8572518825531006
2.8639767169952397
2.8572518825531006
2.91775894165039
2.8639767169952397
2.8505308628082275
2.843806743621826
2.8034682273864746
2.709348201751709
2.7026259899139404
2.6959028244018555
2.6959028244018555
2.6891801357269287
2.716071844100952
2.769855260848999
2.769855260848999
2.796745777130127
2.7833006381988525
2.8303608894348145
2.823639154434204
2.769855260848999
2.8034682273864746
2.81019139289856
2.823639154434204
2.81019139289856
2.8505308628082275
2.823639154434204
2.8370838165283203
2.823639154434204
2.81019139289856
2.796745777130127
2.81019139289856
2.81019139289856
2.823639154434204
2.8034682273864746
2.823639154434204
2.7833006381988525
2.769855260848999
2.769855260848999
2.756409883499145
2.7295167446136475
2.6622891426086426
2.635394096374512
2.581611633300781
2.58833384513855
2.6891801357269287
2.6488404273986816
2.7026259899139404
2.655564308166504
2.6757333278656006
2.6622891426086426
2.635394096374512
2.5681653022766118
2.581611633300781
2.4740452766418457
2.527828931808472
2.50093674659729
2.447153329849243
2.4740452766418457
2.4740452766418457
2.4740452766418457
2.4740452766418457
2.4740452766418457
2.4874918460845947
2.339585781097412
2.258910894393921
2.2723567485809326
2.312694311141968
2.379923820495605
2.4337079524993896
2.4269843101501465
2.460598945617676
2.541274070739746
2.50093674659729
2.50093674659729
2.5681653022766118
2.6757333278656006
2.6622891426086426
2.6488404273986816
2.621950387954712
2.5950570106506348
2.5950570106506348
2.6553268432617188
2.5404655933380127
2.3647940158843994
2.4999263286590576
2.48303484916687
2.5168166160583496
2.5168166160583496
2.48303484916687
2.212773084640503
2.246554374694824
1.9087272882461548
2.0945332050323486
2.145206451416016
2.136760950088501
2.1114227771759038
2.0607500076293945
2.0269670486450195
2.018520832061768
1.976293444633484
1.9594011306762693
1.9340637922286987
1.9087272882461548
1.9594011306762693
1.925618052482605
1.8918358087539675
1.8242698907852173
1.8242698907852173
1.8327161073684688
1.8918358087539675
1.8918358087539675
1.8411625623703003
1.8918358087539675
1.883390545845032
1.925618052482605
1.950955152511597
1.9594011306762693
2.077641248703003
2.0607500076293945
2.0860865116119385
1.9931845664978027
2.009533405303955
1.958442568778992
2.009533405303955
1.9925029277801516
1.9243830442428589
1.9925029277801516
1.9925029277801516
2.026563167572021
2.026563167572021
2.0606226921081543
2.026563167572021
2.0180468559265137
2.043593406677246
2.009533405303955
1.983988165855408
1.907353520393372
1.958442568778992
1.881808161735535
1.907353520393372
2.043593406677246
2.043593406677246
2.026563167572021
2.026563167572021
2.19686222076416
2.111713171005249
2.1883466243743896
2.205376625061035
2.1883466243743896
2.162801742553711
2.128742456436157
2.162801742553711
2.128742456436157
2.0946826934814453
2.111713171005249
2.1031970977783203
2.0776526927948
2.0180468559265137
2.0350780487060547
2.0606226921081543
2.0010182857513428
1.9925029277801516
2.0776526927948
2.009533405303955
2.043593406677246
2.0606226921081543
2.0946826934814453
2.19686222076416
2.205376625061035
2.179832220077514
2.179832220077514
2.145772695541382
2.128742456436157
2.162801742553711
2.0946826934814453
2.128742456436157
2.1713171005249023
2.0606226921081543
2.128742456436157
2.154287576675415
2.111713171005249
2.128742456436157
2.111713171005249
2.128742456436157
2.154287576675415
2.162801742553711
2.162801742553711
2.128742456436157
2.154287576675415
2.1621811389923096
2.145019769668579
2.170761108398437
2.1536014080047607
2.145019769668579
2.1621811389923096
2.145019769668579
2.145019769668579
2.127861738204956
2.145019769668579
2.1107006072998047
2.059220314025879
2.093541622161865
2.1107006072998047
2.059220314025879
2.127861738204956
2.127861738204956
2.136441230773926
2.1107006072998047
2.1621811389923096
2.127861738204956
2.1621811389923096
2.1621811389923096
2.179341077804565
2.1621811389923096
2.145019769668579
2.1965012550354004
2.1965012550354004
2.213661432266236
2.2222421169281006
2.1965012550354004
2.2222421169281006
2.205080270767212
2.2222421169281006
2.205080270767212
2.213661432266236
2.2222421169281006
2.213661432266236
2.230820655822754
2.1965012550354004
2.2222421169281006
2.213661432266236
2.1965012550354004
2.230820655822754
2.213661432266236
2.213661432266236
2.230820655822754
2.1965012550354004
2.213661432266236
2.1965012550354004
2.230820655822754
2.273722648620605
2.265142679214477
2.2479817867279053
2.273722648620605
2.265142679214477
2.282301664352417
2.2994630336761475
2.265142679214477
2.265142679214477
2.2644505500793457
2.33359432220459
2.324950933456421
2.3508784770965576
2.3422372341156006
2.33359432220459
2.33359432220459
2.2990219593048096
2.281737327575684
2.281737327575684
2.33359432220459
2.2990219593048096
2.33359432220459
2.2990219593048096
2.281737327575684
2.2644505500793457
2.307667016983032
2.307667016983032
2.2990219593048096
2.281737327575684
2.281737327575684
2.247163772583008
2.247163772583008
2.3163089752197266
2.307667016983032
2.2990219593048096
2.307667016983032
2.247163772583008
2.2558071613311768
2.2990219593048096
2.307667016983032
2.2990219593048096
2.2903800010681152
2.2990219593048096
2.307667016983032
2.2990219593048096
2.2644505500793457
2.2558071613311768
2.281737327575684
2.2990219593048096
2.3163089752197266
2.33359432220459
2.2990219593048096
2.2990219593048096
2.281737327575684
2.2990219593048096
2.2990219593048096
2.281737327575684
2.307667016983032
2.2298789024353027
2.2644505500793457
2.2903800010681152
2.3163089752197266
2.33359432220459
2.281737327575684
2.3163089752197266
2.2990219593048096
2.3422372341156006
2.2990219593048096
2.2990219593048096
2.324950933456421
2.3422372341156006
2.3508784770965576
2.4805243015289307
2.4805243015289307
2.3508784770965576
2.3508784770965576
2.64453387260437
2.6062088012695312
2.510392427444458
2.4145760536193848
2.3379228115081787
2.4145760536193848
2.4145760536193848
2.404993772506714
2.4145760536193848
2.357085943222046
2.404993772506714
2.3954131603240967
2.404993772506714
2.404993772506714
2.3762481212615967
2.3954131603240967
2.3858301639556885
2.406911373138428
2.3992462158203125
2.396178722381592
2.3609187602996826
2.3379228115081787
2.3532538414001465
2.383913993835449
2.391579389572144
2.330256700515747
2.314927577972412
2.334856986999512
2.3609187602996826
2.3762481212615967
2.302661657333374
2.3532538414001465
2.238272428512573
2.261269807815552
2.2766005992889404
2.334856986999512
2.4145760536193848
2.437572240829468
2.3762481212615967
2.314927577972412
2.4115092754364014
2.314927577972412
2.3379228115081787
2.345588207244873
2.345588207244873
2.30572772026062
2.302661657333374
2.391579389572144
2.3379228115081787
2.322592258453369
2.330256700515747
2.3379228115081787
2.322592258453369
2.322592258453369
2.2689342498779297
2.2689342498779297
2.222943067550659
2.299596309661865
2.261269807815552
2.2689342498779297
2.448302984237671
2.319933652877808
2.3276662826538086
2.3044681549072266
2.435931205749512
2.4049978256225586
2.366333484649658
2.3756117820739746
2.374064922332764
2.397263765335083
2.3508663177490234
2.381798267364502
2.397263765335083
2.4513962268829346
2.381798267364502
2.335399866104126
2.4436635971069336
2.459130048751831
2.4204649925231934
2.474595308303833
2.428197860717773
2.4127297401428223
2.381798267364502
2.4127297401428223
2.4436635971069336
2.428197860717773
2.366333484649658
2.374064922332764
2.319933652877808
2.335399866104126
2.389531135559082
2.474595308303833
2.513261556625366
2.520995616912842
2.5673928260803223
2.691122770309448
2.7406156063079834
2.6679234504699707
2.5704874992370605
2.652458429336548
2.5673928260803223
2.632353544235229
2.6292595863342285
2.6679234504699707
2.782374143600464
2.8148529529571533
2.796294450759888
2.791654348373413
2.7777345180511475
2.807119607925415
2.8148529529571533
2.845784902572632
2.892184019088745
2.876717329025269
2.884450912475586
2.862797975540161
2.8380517959594727
2.8380517959594727
2.8473329544067383
2.8473329544067383
2.9385836124420166
2.9200236797332764
2.892184019088745
2.969515323638916
2.860456705093384
2.885385036468506
2.851109266281128
2.835528612136841
2.936798095703125
2.7513978481292725
2.857339859008789
2.9056384563446045
2.8121602535247803
2.8199498653411865
2.85889744758606
2.835528612136841
2.804368734359741
2.8900575637817383
2.8666880130767822
2.9290072917938232
2.952378511428833
2.967957735061645
2.960168600082397
2.952378511428833
2.955493211746216
2.97574782371521
2.9788644313812256
3.006907224655152
2.983536720275879
3.0006749629974365
2.97574782371521
2.9850964546203613
2.97730565071106
2.9991180896759038
2.9913275241851807
3.048973321914673
3.139334917068481
3.1471261978149414
3.2811119556427
3.2592992782592773
3.435352563858032
3.3808224201202397
3.371474504470825
3.1299877166748047
3.128429651260376
3.2515087127685547
3.232813596725464
3.271763324737549
3.2811119556427
3.31071400642395
3.201653957366944
3.1471261978149414
3.154915332794189
3.0365099906921387
3.1159653663635254
3.271763324737549
3.1611487865448
3.144009113311768
3.193864345550537
3.206328630447388
3.193864345550537
3.2374887466430664
3.349663257598877
3.268078565597534
3.2916131019592285
3.2869057655334477
3.307302474975586
3.2461142539978027
3.2194416522979736
3.239838123321533
3.3104403018951416
3.3104403018951416
3.363783597946167
3.224148988723755
3.253958225250244
3.2006149291992188
3.224148988723755
3.4798848628997803
3.6414849758148193
3.5144004821777344
3.608536958694458
3.608536958694458
3.606967449188232
3.461055994033813
3.484591484069824
3.489299297332764
3.5693135261535645
3.4594881534576416
3.5222442150115967
3.577157974243164
3.5081262588500977
3.4830214977264404
3.5222442150115967
3.526952743530273
3.4924349784851074
3.526952743530273
3.511263132095337
3.506555557250977
3.5206775665283203
3.451643466949463
3.511263132095337
3.550485849380493
3.545780897140503
3.5442118644714355
3.530090570449829
3.5693135261535645
3.5850026607513428
3.5489182472229004
3.547348976135254
3.5379364490509038
3.5379364490509038
3.616382360458374
3.5222442150115967
3.5583319664001465
3.539504051208496
3.381042242050171
3.481453418731689
3.5096938610076904
3.5489182472229004
3.639915943145752
3.577157974243164
3.685415029525757
3.766995906829834
3.843876838684082
3.851722478866577
3.6901214122772217
3.671295166015625
3.765430212020874
3.8427252769470215
3.90267014503479
3.926331043243408
3.9436850547790527
3.867967367172241
3.867967367172241
3.872697353363037
3.675513982772827
3.7464985847473145
3.673936605453491
3.6928672790527344
3.565091848373413
3.4566400051116943
3.549315929412842
3.608470678329468
3.5532596111297607
3.634104251861572
3.630161285400391
3.756358146667481
3.813541650772095
3.756358146667481
3.703119993209839
3.7603020668029785
3.624243974685669
3.549315929412842
3.5808634757995605
3.703119993209839
3.6577670574188232
3.6853723526000977
3.5946688652038574
3.645937442779541
3.513823270797729
3.5690343379974365
3.470442295074463
3.537485122680664
3.529597282409668
3.549315929412842
3.561146974563598
3.529597282409668
3.626216411590576
3.695233106613159
3.7405834197998047
3.884527921676636
3.7464985847473145
3.894388914108277
3.882558822631836
3.884527921676636
3.819457769393921
3.811570167541504
3.862838983535767
3.845092535018921
3.890443801879883
3.837203741073608
3.923966884613037
3.8549511432647705
3.884527921676636
3.923966884613037
3.959459543228149
3.9752352237701416
4.001046657562256
3.9911208152771
3.9931039810180655
4.01097583770752
4.046717166900635
4.038774967193604
4.048701763153076
4.050686359405518
4.007003784179688
4.100329399108887
4.046717166900635
4.300878047943115
4.261164665222168
4.34853458404541
4.239321231842041
4.072531223297119
4.167840480804443
4.090400695800781
4.12018346786499
4.088415622711182
4.114227294921875
4.269108295440674
4.328674793243408
4.418030738830566
4.5173115730285645
4.479584217071533
4.562979221343994
4.666232585906982
4.656304359436035
4.523266792297363
4.608650207519531
4.729776382446289
4.757572650909424
4.779415607452393
4.749630928039551
4.67417573928833
4.570923328399658
4.525252819061279
4.566950798034668
4.414058685302734
4.308820724487305
4.292935371398926
4.342575550079346
4.370377063751221
4.229395866394043
4.223437309265137
4.183727264404297
4.169826507568359
4.155926704406738
4.269108295440674
4.1936540603637695
4.2750630378723145
4.104300498962402
4.292935371398926
4.368388175964356
4.255208015441895
3.9633185863494873
4.092386722564697
4.201595783233643
4.175783157348633
4.342575550079346
4.378317832946777
4.467672348022461
4.509368896484375
4.2216644287109375
4.177710056304932
4.265617847442627
4.295589447021484
4.25163459777832
4.3795013427734375
4.255629539489746
4.197686672210693
4.215670108795166
4.295589447021484
4.245637893676758
4.299583911895752
4.0678229331970215
3.9998939037323
3.907986640930176
3.4364705085754395
3.518385171890259
3.7960996627807617
3.99189829826355
3.953939437866211
3.949942588806152
3.84604811668396
3.90398907661438
3.786111354827881
3.852043867111206
3.9519407749176025
3.967925786972046
4.123764514923096
4.189695358276367
4.101785182952881
3.975917816162109
4.165721416473389
4.195692539215088
4.23565149307251
4.199686050415039
4.197686672210693
4.227658271789551
4.253631591796875
4.199686050415039
4.255629539489746
4.263621807098389
4.25163459777832
4.405475616455078
4.377504348754883
4.299583911895752
4.453426361083984
4.309574604034424
4.3954854011535645
4.5433349609375
4.475404262542725
4.5253520011901855
4.585289001464844
4.681191444396973
4.627248287200928
4.43943977355957
4.299583911895752
4.295589447021484
4.377504348754883
4.311572551727295
4.295589447021484
4.375507831573486
4.5892863273620605
4.405475616455078
4.411508560180664
4.614591121673584
4.51606559753418
4.544215679168701
4.433626651763916
4.21244478225708
4.252660751342773
4.115932941436768
4.222499370574951
4.423572540283203
4.319014072418213
4.383360385894775
4.278801441192627
4.359228610992432
4.343143939971924
4.310971260070801
4.423572540283203
4.423572540283203
4.304937839508057
4.411508560180664
4.387379169464111
4.550246715545654
4.5683441162109375
4.590460777282715
4.787511825561523
4.994615077972412
4.970484733581543
4.904134750366211
4.731210708618164
4.588450908660889
4.501989841461182
4.504000186920166
4.769414901733398
4.819683074951172
4.688986301422119
4.737242698669434
4.693006038665772
4.877994060516357
4.803595066070557
4.906144142150879
4.91820764541626
4.9081549644470215
5.034832000732422
4.906144142150879
5.008689880371094
5.018744945526123
5.060967922210693
5.081076622009277
5.115260124206543
5.0670013427734375
5.077052116394043
5.165524959564209
5.195687294006348
5.093139171600342
5.268072605133057
5.2801361083984375
5.258018493652344
5.143407821655273
5.213782787322998
5.34246826171875
5.372629165649414
5.354532718658447
5.268072605133057
5.27410364151001
5.113246440887451
5.252644062042236
5.262744903564453
5.27082633972168
5.181935787200928
5.194055557250977
5.284970283508301
5.248603343963623
5.1920366287231445
5.212239265441895
5.206181526184082
5.167793273925781
5.054659366607666
5.175876617431641
5.285472869873047
5.277898788452148
5.176885604858398
5.085973739624023
5.176885604858398
5.101123332977295
5.017791748046875
5.116278648376465
5.176885604858398
5.0834503173828125
5.133955001831055
5.207191467285156
5.151631832122803
5.2147650718688965
5.161733150482178
5.070820331573486
5.058196067810059
5.088497638702393
5.174361705780029
5.131428718566895
5.113753318786621
5.240014553070068
5.063246250152588
5.42436408996582
5.209714889526367
5.368810176849365
5.257693767547607
5.1036529541015625
5.0834503173828125
5.151631832122803
5.176885604858398
5.075873374938965
5.040518283843994
5.101123332977295
5.050619125366211
5.093550205230713
5.022840976715088
5.075873374938965
5.005163192749023
5.063246250152588
5.050619125366211
5.212239265441895
5.123852252960205
5.169308662414551
5.025367736816406
4.97738790512085
5.040518283843994
4.92365312576294
5.063384056091309
5.233604431152344
5.1904120445251465
5.126900672912598
5.116735458374023
5.243765354156494
5.126900672912598
5.114194869995117
5.073545932769775
5.129436492919922
5.093871116638184
5.076087474822998
5.131978988647461
5.081167221069336
5.093871116638184
5.106570720672607
5.131978988647461
5.078627586364746
5.182789325714111
5.157386779785156
5.157386779785156
5.147222995758057
5.18025016784668
5.228521347045898
5.259009838104248
5.302199363708496
5.327604293823242
5.337766170501709
5.398741722106934
5.335225582122803
5.26663064956665
5.274253845214844
5.08371114730835
5.0201945304870605
5.139602184295654
5.068463802337647
5.111655235290527
5.231061935424805
5.251385688781738
5.271712303161621
5.231061935424805
5.413984298706055
5.411441802978516
5.48512077331543
5.612148761749268
5.591825008392334
5.535931587219238
5.444473743438721
5.264090061187744
5.182789325714111
5.104032516479492
5.088791370391846
5.088791370391846
5.157386779785156
5.137059211730957
5.126900672912598
5.106570720672607
5.093871116638184
5.109116077423096
5.030358791351318
5.131978988647461
5.104032516479492
4.945571422576904
4.930235862731934
5.139816284179688
5.088697910308838
5.262495040893555
5.31616735458374
5.331501483917236
5.213933944702148
5.408176898956299
5.433737277984619
5.482297420501709
5.512970924377441
5.16281795501709
5.180708408355713
5.088697910308838
5.175595760345459
5.058029651641846
5.16281795501709
5.11169958114624
5.1525959968566895
5.075918674468994
5.042693614959717
5.037580490112305
4.894453048706055
4.866337776184082
4.817776679992676
4.692539215087891
4.973684787750244
5.019690036773682
5.093809127807617
5.226712226867676
5.262495040893555
5.198598861694336
5.137256622314453
5.201155662536621
5.193490028381348
5.175595760345459
5.185820579528809
5.009466171264648
4.996685981750488
5.086141586303711
5.060586452484131
5.009466171264648
4.958349227905273
4.96857213973999
4.9327898025512695
4.9046783447265625
4.856115818023682
5.11169958114624
5.147481918334961
4.868893623352051
4.994132041931152
5.022243976593018
4.991576671600342
5.116811752319336
5.037580490112305
5.086141586303711
5.101475715637207
5.073365211486816
5.175595760345459
5.040136814117432
4.856115818023682
4.856115818023682
5.025874614715576
4.889552593231201
5.079887390136719
5.079887390136719
5.100464820861816
5.131327152252197
5.136473655700684
5.018157482147217
4.930706024169922
4.989864349365234
5.131327152252197
5.19049072265625
5.14418888092041
5.205920219421387
5.146764755249023
5.14418888092041
5.14418888092041
5.079887390136719
5.07474422454834
5.043879508972168
5.12104082107544
5.193056106567383
5.162195682525635
5.128758907318115
5.131327152252197
5.326809883117676
5.272793769836426
5.277936935424805
5.19049072265625
5.14418888092041
5.14418888092041
5.131327152252197
5.14418888092041
5.141617298126221
5.131327152252197
5.18534517288208
5.131327152252197
5.131327152252197
5.157050609588623
5.159622669219971
5.1699090003967285
5.249643802642822
5.27022123336792
5.247072696685791
5.370532989501953
5.218781471252441
5.234213352203369
5.370532989501953
5.218781471252441
5.416833877563477
5.401398181915283
5.370532989501953
5.429691314697266
5.478560447692871
5.324239253997803
5.452844142913818
5.352529525756836
5.349956035614014
5.3679633140563965
5.401398181915283
5.527433395385742
5.401398181915283
5.465703010559082
5.612310409545898
5.692559719085693
5.490475177764893
5.419317722320557
5.504705429077148
5.382314682006836
5.527475357055664
5.607173442840576
5.578709125518799
5.666942596435547
5.587247371673584
5.681175708770752
5.6925578117370605
5.661252498626709
5.8035664558410645
5.695408344268799
5.436394691467285
5.695408344268799
5.829183101654053
5.6925578117370605
5.715329170227051
5.701098918914795
5.6925578117370605
5.681175708770752
5.678328990936279
5.635634422302246
5.664093971252441
5.7722578048706055
5.732411861419678
5.948726177215576
5.863336563110352
5.723868846893311
5.6925578117370605
5.834874153137207
5.8604936599731445
5.746640682220459
5.797872066497803
5.789333820343018
5.84057092666626
5.888952732086182
5.869029998779297
5.795026779174805
5.9145708084106445
5.908876895904541
5.951571941375732
5.97434139251709
6.056885242462158
5.957265853881836
5.863336563110352
5.777950286865234
5.795026779174805
6.062575817108154
5.7637200355529785
5.90318489074707
5.943034648895264
5.891801834106445
5.866183757781982
5.812102794647217
5.917416095733643
5.8576436042785645
5.97434139251709
5.8604936599731445
5.954970359802246
5.940654277801514
5.943518161773682
6.069487571716309
6.212637901306152
6.2842116355896
6.121021270751953
6.069487571716309
6.052310943603516
6.129608631134033
5.883394718170166
5.8318610191345215
5.851902008056641
5.900574684143066
5.95210599899292
5.814681529998779
5.9664225578308105
6.058035850524902
5.95782995223999
5.929201602935791
6.106704711914063
5.975006580352783
5.934928894042969
5.874805927276611
5.914885997772217
5.9463791847229
5.963559150695801
6.000774383544922
5.682985782623291
5.625730037689209
5.7774658203125
5.8118205070495605
5.751699447631836
5.740245819091797
5.720207691192627
5.797506809234619
5.734521389007568
5.720207691192627
5.705888748168945
5.774600982666016
5.886260032653809
6.0036396980285645
6.006504058837891
5.949244976043701
6.046582221984863
6.0609002113342285
5.9463791847229
6.049446105957031
6.224086761474609
6.206910133361816
6.118157863616943
6.149649620056152
5.983600616455078
6.07235050201416
6.126744747161865
6.086666584014893
6.132474422454834
6.106704711914063
6.15538215637207
6.083803653717041
6.0609002113342285
6.135336875915527
6.158370018005371
6.316717624664307
6.262014865875244
6.1180620193481445
6.19867467880249
6.1180620193481445
6.146852493286133
6.063358783721924
6.10366678237915
6.181400299072266
6.178522109985352
6.158370018005371
6.123819351196289
6.046084880828857
6.071995735168457
6.155487060546875
5.982746124267578
5.976984024047852
5.925162315368652
5.905010223388672
6.040322780609131
5.982746124267578
6.023053646087647
5.9481964111328125
6.011533737182617
5.930921077728272
5.976984024047852
5.858944416046143
5.856062889099121
5.815756320953369
5.968350410461426
5.962589740753174
5.858944416046143
5.884856224060059
5.971226692199707
6.002898693084717
6.115182876586914
6.043203353881836
6.155487060546875
6.060480117797852
6.149730682373047
6.207311630249023
6.19003963470459
6.221707820892334
6.238983154296875
6.238983154296875
6.333990573883057
6.333990573883057
6.3541460037231445
6.423243522644043
6.403090953826904
6.590232849121094
6.578717708587647
6.621899127960205
6.610384941101074
6.621899127960205
6.725547790527344
6.711153030395508
6.650692462921143
6.728428363800049
6.549925804138184
6.492343425750732
6.498101234436035
6.388062000274658
6.445975303649902
6.532848358154297
6.434392929077148
6.6370954513549805
6.70659875869751
6.657366752624512
6.76161527633667
6.587871074676514
6.553117275238037
6.654472351074219
6.700804710388184
6.527059555053711
6.443079948425293
6.567599296569824
6.622619152069092
6.52995491027832
6.587871074676514
6.689221382141113
6.550223350524902
6.689221382141113
6.825324058532715
7.172816753387451
7.161233901977539
7.181500434875488
7.262584686279297
7.216249942779541
7.4334306716918945
7.734594821929932
7.743281364440918
7.621657848358154
7.75486421585083
7.80698823928833
7.8011956214904785
7.969151020050049
7.81857442855835
7.621657848358154
7.673783302307129
7.572431564331055
7.523201942443848
7.526101112365723
7.63034725189209
7.537681579589844
7.612971782684326
7.751971244812012
7.870693683624268
8.084979057312012
8.027066230773926
7.824359893798828
7.607180118560791
7.436327934265137
7.53478479385376
7.514519691467285
7.627451419830322
7.688261032104492
7.69694709777832
7.789613246917725
7.656405925750732
7.7143235206604
7.653509616851807
7.792509078979492
7.809881210327148
7.7983012199401855
7.708532810211182
7.894630432128906
7.7957658767700195
7.734700679779053
7.723069667816162
7.74342155456543
7.574774265289307
7.382861137390137
7.368319034576416
7.237471580505371
7.324705600738525
7.310164451599121
7.3188862800598145
7.109528541564941
7.2730889320373535
7.214933395385742
7.076815605163574
6.876906871795654
6.978679180145264
6.85146427154541
6.95323371887207
6.942331790924072
6.9459638595581055
6.942331790924072
7.044103145599365
7.02229642868042
7.040470600128174
7.080451011657715
7.26945686340332
7.160412311553955
7.153143882751465
6.949596881866455
7.015024662017822
7.1785888671875
7.05500602722168
7.051370620727539
7.087719440460205
6.924154758453369
6.924154758453369
6.669727325439453
6.7460551261901855
6.836925029754639
7.011390209197998
6.796943187713623
6.8987135887146
6.891443729400635
6.924154758453369
7.098625659942627
6.985948085784912
6.960501670837402
6.85509729385376
6.822386264801025
6.807845592498779
6.8151164054870605
6.738783359527588
6.709708690643311
6.7351508140563965
6.611568450927734
6.6333770751953125
6.400757312774658
6.397119522094727
6.444374561309815
6.4843525886535645
6.491625785827637
6.724246501922607
6.632834434509277
6.512170314788818
6.541419982910156
6.618210315704346
6.720590591430664
6.753496646881104
6.556046485900879
6.673054218292236
6.753496646881104
6.581643104553223
6.490231037139893
6.369568347930908
6.493887424468994
6.632834434509277
6.365912914276123
6.4097900390625
6.29278564453125
6.464636325836182
6.219654083251953
6.259875297546387
6.21599817276001
6.278154850006104
6.5779876708984375
6.545077323913574
6.735218048095703
6.7461838722229
6.698651313781738
6.85587739944458
6.596271991729736
6.662087440490723
6.596271991729736
6.512170314788818
6.837595462799072
6.782751083374023
6.892444133758545
6.837595462799072
6.8156561851501465
6.870506286621094
6.85587739944458
6.753496646881104
6.793720722198486
6.77178430557251
6.74252986907959
6.921695709228516
6.903414249420166
6.812001705169678
6.812001705169678
6.859533309936523
6.797377586364746
6.9363226890563965
6.866848468780518
6.874161243438721
6.983858585357666
7.056983947753906
7.166680812835693
7.210556983947754
7.177647590637207
7.188618183135986
7.349504470825195
7.203245639801025
7.053328037261963
7.174684524536133
7.362236022949219
7.399009227752685
7.237201690673828
7.369587421417236
7.520362377166748
7.417394161224365
7.395330905914307
7.527718544006348
7.722623348236084
7.726301193237305
7.810879230499268
7.667461395263672
7.807202339172363
7.634363651275635
7.744690418243408
7.910172939300537
7.627010822296143
7.924880981445312
7.726301193237305
7.866044044494629
7.877074718475342
7.99843168258667
7.902819633483887
7.946943759918213
8.053590774536133
7.917528629302978
7.700557231903076
7.542428970336914
7.542428970336914
7.590235233306885
7.505654335021973
7.693201541900635
7.479913711547852
7.582883834838867
7.365911960601807
7.336491107940674
7.204104900360107
7.171005725860596
7.307072162628174
7.171005725860596
7.2004241943359375
7.207781791687012
6.920944690704346
7.1379075050354
7.009200096130371
7.281329154968262
7.288684368133545
7.174684524536133
7.44681453704834
7.468878746032715
7.270298480987549
7.3401689529418945
7.292362213134766
7.152622222900391
6.976103782653809
6.998166084289551
7.266619205474853
7.090101718902588
6.943004131317139
6.659843444824219
6.634100437164307
6.865779399871826
6.8694562911987305
6.873135566711426
6.71500301361084
6.902555465698242
6.840036392211914
6.84373664855957
6.754951000213623
6.547795295715332
6.573685646057129
6.5921831130981445
6.481201171875
6.425710678100586
6.470107078552246
6.643974304199219
6.717957019805908
6.695762634277344
6.532991409301758
6.865933418273926
6.791947364807129
6.877031326293945
7.091590404510498
7.073093891143799
6.965810775756836
6.880728721618652
7.102688312530518
7.272854804992676
7.191474437713623
7.372736930847168
7.317246437072754
7.3616414070129395
7.413430213928223
7.369040012359619
7.4504241943359375
7.491117477416992
7.5022172927856445
7.3320465087890625
7.184072971343994
7.073093891143799
7.3616414070129395
7.509609699249268
7.561404228210449
7.572502136230469
7.509609699249268
7.620594024658203
7.394936561584473
7.546608924865723
7.4504241943359375
7.753771305084228
7.750071048736572
7.646487236022949
7.557703018188477
7.465224266052246
7.457823753356934
7.624292850494385
7.561404228210449
7.561404228210449
7.694582462310791
7.542905330657959
7.631690979003906
7.487417221069336
7.435626983642578
7.5022172927856445
7.491117477416992
7.590996742248535
7.528109073638916
7.613192558288574
7.509609699249268
7.513312339782715
7.6390910148620605
7.627995014190674
7.631690979003906
7.653885364532471
7.744274616241455
7.800069332122803
7.692200183868408
7.6438446044921875
7.6438446044921875
7.621526718139648
7.628965377807617
7.640123844146728
7.673601627349853
7.725675582885742
7.785190105438232
7.740553379058838
7.781467437744141
7.867020606994629
7.629897117614746
7.648490905761719
7.769381999969482
7.68569278717041
7.778685569763184
7.68569278717041
7.57410192489624
7.625244617462158
7.588050365447998
7.662442207336426
7.634545803070068
7.978610515594482
7.941417694091797
7.973964214324951
7.862370491027832
7.750782012939453
7.857724189758301
7.801926136016846
7.820525646209717
7.899569511413574
7.769381999969482
7.969315052032471
7.78333044052124
7.792630195617676
7.736837863922119
7.657795429229736
7.639196395874023
7.611295700073242
7.732188701629639
7.657795429229736
7.774032592773437
7.904219627380371
7.806577205657959
7.867020606994629
7.885621070861816
7.676390647888184
7.848423480987549
7.820525646209717
7.894920349121094
7.764036178588867
7.707945823669434
7.988407611846924
7.932312488555908
7.993077754974365
7.796756267547607
7.82947826385498
7.810783386230469
7.768712520599365
7.55369234085083
7.525646209716797
7.525646209716797
7.586413860321045
7.670553684234619
7.764036178588867
8.016453742980957
8.007104873657227
7.899596691131592
7.946335792541504
7.637831687927246
7.619130611419678
7.628486156463623
7.637831687927246
7.628486156463623
7.534996509552002
7.577065944671631
7.637831687927246
7.731319427490234
7.824802875518799
7.726644515991211
7.778061389923096
7.721968650817871
7.464884757995605
7.474233150482178
7.544345855712891
7.549020290374756
7.609785079956055
7.516298770904541
7.628486156463623
7.623808860778809
7.4929280281066895
7.605111598968506
7.68457555770874
7.619130611419678
7.450859069824219
7.572390556335449
7.71261739730835
7.689249038696289
7.455533981323242
7.474233150482178
7.4461846351623535
7.51162576675415
7.4368367195129395
7.338676929473877
7.343349933624268
7.371394634246826
7.5209760665893555
7.366721153259277
7.175075531005859
7.109633445739746
7.217144012451172
7.114307880401611
6.95070743560791
7.011471271514893
6.815151214599609
6.861896991729736
7.17974853515625
7.319976806640625
7.272964000701904
7.150731563568115
7.089615821838379
6.892154216766357
6.92506217956543
6.990884780883789
6.821635723114014
6.675894260406494
6.657092571258545
6.75581693649292
6.906259536743164
7.136623382568359
6.868650913238525
6.793427467346191
6.906259536743164
6.873349189758301
6.976779937744141
6.901559829711914
7.084910869598389
7.000288486480713
6.732309818267822
6.788728713989258
6.910961151123047
6.92506217956543
6.859246253967285
6.746416091918945
6.633584976196289
6.765222072601318
6.765222072601318
6.7511138916015625
6.967379093170166
6.967379093170166
6.859246253967285
6.863945007324219
6.8122334480285645
6.83574104309082
6.765222072601318
6.784024715423584
6.788728713989258
6.901559829711914
6.906259536743164
6.948575973510742
7.023794174194336
7.028496265411377
7.075510025024414
6.943872451782227
6.774624347686768
6.80283260345459
6.741713047027588
6.896862983703613
6.953277111053467
6.934467315673828
6.981481552124023
6.929768085479736
6.863945007324219
7.004988670349121
6.953277111053467
6.863945007324219
7.033196926116943
7.037899017333984
7.080211162567139
7.122526168823242
6.943872451782227
6.732309818267822
6.7748894691467285
6.883704662322998
6.973596572875977
6.874244689941406
7.006714820861816
6.916821002960205
6.860048770904541
7.096604824066162
7.191224575042725
7.148643493652344
7.049293041229248
7.08241081237793
7.124990940093994
6.845857620239258
6.860048770904541
6.831665515899658
6.869513034820557
7.03036642074585
7.016172885894775
6.983059883117676
6.874244689941406
6.675541400909424
6.6991963386535645
6.7701592445373535
6.836394309997559
6.99725341796875
7.011444568634033
6.841125011444092
6.99725341796875
7.011444568634033
7.134454727172852
7.295307159423828
7.352082252502441
7.210148811340332
7.300042152404785
7.229074954986572
7.143913745880127
7.096604824066162
6.902629375457764
6.902629375457764
6.931016445159912
6.860048770904541
6.7843523025512695
6.94520902633667
6.883704662322998
6.855318546295166
6.7701592445373535
6.70392370223999
6.7086567878723145
6.675541400909424
6.92628288269043
7.006714820861816
6.949940204620361
6.897898197174072
6.897898197174072
6.860048770904541
6.897898197174072
6.869513034820557
7.08241081237793
7.191224575042725
7.001982688903809
6.841125011444092
7.010025024414063
6.963188648223877
6.869513034820557
6.796653747558594
6.786245346069336
6.796653747558594
6.862133026123047
6.8883233070373535
6.715460777282715
6.663079261779785
6.516406059265137
6.474498271942139
6.390686988830566
6.395925998687744
6.537358283996582
6.4535441398620605
6.516406059265137
6.521643161773682
6.568788051605225
6.547835350036621
6.537358283996582
6.626410961151123
6.500692367553711
6.5635504722595215
6.55307149887085
6.558313846588135
6.526880264282227
6.55307149887085
6.547835350036621
6.642122745513916
6.558313846588135
6.5897417068481445
6.642122745513916
6.621170997619629
6.647360324859619
6.558313846588135
6.5897417068481445
6.448312282562256
6.42735481262207
6.395925998687744
6.280683994293213
6.086871147155762
6.338306903839111
6.2387776374816895
6.27020788192749
6.3016357421875
6.3016357421875
5.982100963592529
6.123534679412842
6.2178215980529785
6.160205841064453
6.175919532775879
6.212588310241699
6.422117233276367
6.348780632019043
6.348780632019043
6.333065509796143
6.275448322296143
6.285921096801758
6.333065509796143
6.233537673950195
6.2178215980529785
6.299606323242188
6.27322244644165
6.331259727478027
6.278497695922852
6.3101582527160645
6.26794958114624
6.32598352432251
6.368192672729492
6.500091075897217
6.542301177978516
6.52647590637207
6.415678977966309
6.47371244430542
6.357640743255615
6.341811180114746
6.357640743255615
6.415678977966309
6.357640743255615
6.262668132781982
6.236292362213135
6.362913131713867
6.347087383270264
6.415678977966309
6.399847030639648
6.38929557800293
6.38929557800293
6.304879665374756
6.352365016937256
6.299606323242188
6.188807010650635
6.257397174835205
6.120218276977539
6.114943027496338
6.1677021980285645
6.2099127769470215
6.183531284332275
6.072734355926514
6.088562965393066
6.067458152770996
6.046351909637451
6.025247097015381
6.078011512756348
6.025247097015381
5.930278301239014
5.851140975952148
5.713963031768799
5.888071060180664
5.83003568649292
5.703408241271973
5.745617866516113
5.650649070739746
5.888071060180664
5.888071060180664
5.85641622543335
5.83003568649292
5.808929920196533
5.787825584411621
5.787825584411621
5.808929920196533
5.919729232788086
5.956660270690918
5.866967678070068
5.906843185424805
5.949375629425049
5.901528835296631
5.896211624145508
5.795191764831543
5.582523345947266
5.5718913078308105
5.6941752433776855
5.625056743621826
5.625056743621826
5.619741439819336
5.433656215667725
5.385806560516357
5.332640171051025
5.322005271911621
5.295421600341797
5.263523578643799
5.18377161026001
5.1731390953063965
5.300740718841553
5.205040454864502
5.252890586853027
5.290106296539307
5.0561723709106445
5.3698577880859375
5.688859939575195
6.390660285949707
6.326860427856445
5.960010051727295
5.587841987609863
5.529358386993408
5.545308589935303
6.02912712097168
6.512947082519531
6.252427577972412
6.417246341705322
6.422562599182129
6.1460957527160645
6.252427577972412
6.199263095855713
6.167359352111816
6.310912132263184
6.252427577972412
6.332178115844727
6.576750755310059
6.417246341705322
6.550159454345703
6.390660285949707
6.369395732879639
6.358761787414551
6.172675132751465
6.24179744720459
6.268378257751465
6.199263095855713
6.683078765869141
6.757513046264648
6.730930805206299
6.608646392822266
6.3534464836120605
6.247110843658447
6.316228866577148
6.32154655456543
6.220527172088623
6.351739883422852
6.282115459442139
6.126805305480957
6.30354118347168
6.37851619720459
6.346386432647705
6.4106526374816895
6.3570942878723145
6.362449645996094
6.362449645996094
6.244628429412842
5.934004783630371
5.826892852783203
5.982203006744385
5.928647994995117
6.142870903015137
6.196427822113037
6.014338970184326
6.014338970184326
6.207139015197754
6.249984264373779
6.180362701416016
6.27676248550415
5.687646389007568
5.425220966339111
5.478776454925537
5.660868644714356
5.34488582611084
5.70906925201416
5.891159057617188
5.826892852783203
6.191073417663574
6.09467363357544
5.859025001525879
5.891159057617188
5.543043613433838
5.569821357727051
5.676934242248535
5.875092029571533
5.414509296417236
5.671576499938965
6.014338970184326
5.891159057617188
5.95542573928833
5.8804473876953125
5.800112247467041
5.9875593185424805
6.383874893188477
6.175005435943604
6.292827606201172
5.944715976715088
5.907224178314209
5.821536540985107
5.452000617980957
5.425220966339111
5.751912593841553
5.634088039398193
5.741200923919678
5.8804473876953125
5.923292636871338
5.912580966949463
5.623376846313477
5.489488124847412
5.537688732147217
5.313591480255127
5.291989326477051
5.205590724945068
5.475589752197266
5.102989196777344
5.205590724945068
5.200188159942627
5.038191318511963
4.919389724731445
4.859992504119873
4.9247894287109375
4.892391204833984
4.892391204833984
5.0813889503479
5.777990341186523
5.988589763641357
5.664590835571289
5.821189403533936
5.891388893127441
5.815789222717285
6.020987987518311
6.047986030578613
5.821189403533936
5.507989406585693
5.443188667297363
5.6321892738342285
5.567389965057373
5.486390113830566
5.610589981079102
5.675390243530273
5.421589374542236
5.437789916992188
5.399988651275635
5.583589553833008
5.302789211273193
5.335191249847412
5.459387302398682
5.4539899826049805
5.486390113830566
5.183990478515625
4.962592601776123
4.93558931350708
4.843790054321289
4.8275885581970215
4.562992095947266
4.789790630340576
4.746590614318848
5.194788932800293
5.000388622283936
5.13538932800293
5.0327911376953125
5.21638822555542
5.459387302398682
5.507989406585693
5.853588104248047
5.90758752822876
5.9615888595581055
5.826587200164795
5.680786609649658
5.497190475463867
5.621389389038086
5.896788597106934
5.883181095123291
5.806990623474121
5.670929908752441
5.6818132400512695
5.616507530212402
5.38792896270752
5.469564437866211
5.333505153656006
5.164791584014893
5.317178249359131
5.333505153656006
5.600180625915527
5.959375381469727
5.834201812744141
5.834201812744141
5.709028720855713
6.117201805114746
6.177069664001465
6.356668949127197
6.291358947753906
6.247820854187012
6.5852460861206055
6.536264419555664
6.4600701332092285
6.166187286376953
5.9049506187438965
5.801547527313232
5.7580084800720215
5.850527286529541
5.801547527313232
5.801547527313232
5.768893718719482
5.6818132400512695
5.632834911346436
5.605623245239258
5.529430389404297
5.594738960266113
5.545755863189697
5.643720626831055
5.687257289886475
5.888627529144287
5.768893718719482
5.812433242797852
5.845085144042969
5.698141574859619
6.258704662322998
5.932163715362549
5.817875385284424
5.894065380096436
5.698141574859619
5.621949672698975
5.502216339111328
5.523988246917725
5.377045154571533
5.148463726043701
5.366158485412598
5.426025867462158
5.20833158493042
5.360718250274658
5.377045154571533
5.420580863952637
5.398812294006348
5.181979179382324
5.275301933288574
5.000834465026856
4.742831230163574
4.611086368560791
5.028279781341553
4.731852054595947
4.726362228393555
4.759299278259277
4.331128120422363
4.199382781982422
4.792237281799316
5.752880096435547
5.818750858306885
5.61564302444458
6.142624378204346
6.170068740844727
5.8736443519592285
5.923048496246338
5.626622200012207
6.120667934417725
6.296327590942383
6.213984489440918
6.307307720184326
6.230454921722412
6.378672122955322
6.362202167510986
6.142624378204346
6.290836811065674
6.499433994293213
6.439051151275635
6.093222141265869
6.2414326667785645
6.482967376708984
6.15909481048584
5.999900817871094
5.928536415100098
5.84619665145874
5.95049524307251
5.763857841491699
5.599176406860352
5.665046691894531
5.994411468505859
5.901091575622559
5.934026718139648
6.104199409484863
5.884622097015381
6.098710536956787
6.526882648468018
6.40611743927002
6.433563232421875
6.3731794357299805
6.647645473480225
6.510413646697998
6.916628360748291
6.5653076171875
7.6906352043151855
8.239572525024414
7.65769624710083
7.427141189575195
7.76748514175415
7.569866180419922
7.663185119628906
7.395320892333984
7.6769938468933105
7.671471118927002
7.489208698272705
7.317996025085449
6.986615180969238
6.020089149475098
5.898583889007568
5.252389430999756
6.428793430328369
6.290716171264648
6.401177883148193
6.180254936218262
6.644187450408936
6.351470947265625
6.809877872467041
6.561344146728516
6.323853969573975
5.8433518409729
5.672138690948486
5.627955436706543
6.439835548400879
6.351470947265625
6.500592708587647
6.992137432098389
6.89272403717041
7.323518753051758
6.7546491622924805
6.379085540771484
6.445362091064453
6.500592708587647
6.5282087326049805
6.163687705993652
6.7215118408203125
6.2354888916015625
6.075318813323975
6.064270973205566
5.506449699401856
5.407033443450928
5.451216697692871
5.920671463012695
6.169209957122803
6.158163547515869
6.202347278594971
5.130882740020752
5.760507106781006
5.9372429847717285
5.754982948303223
6.097411155700684
6.025607585906982
5.799167156219482
5.964856147766113
5.506449699401856
5.683184623718262
5.506449699401856
5.931721210479736
5.887537002563477
5.777076244354248
5.738417148590088
5.799167156219482
5.77155351638794
5.77155351638794
5.826783180236816
5.953812122344971
6.396383762359619
6.624624252319336
6.468752861022949
6.079068183898926
6.2071075439453125
6.0846333503723145
6.067935943603516
5.817422389984131
5.589178085327148
5.533510208129883
5.171661376953125
5.093723773956299
4.893314838409424
4.464662075042725
4.6817731857299805
4.631669998168945
4.882182121276856
4.932284355163574
5.038055896759033
5.46113920211792
5.154961585998535
5.00465202331543
5.010221004486084
4.943418979644775
4.98238468170166
5.121558666229248
5.4834089279174805
5.516809463500977
4.971251487731934
5.121558666229248
5.077023506164551
4.882182121276856
4.475796222686768
4.392293930053711
4.258688926696777
4.186317443847656
4.203017711639404
4.498064994812012
4.442395687103272
4.648370265960693
3.907971858978272
3.952508211135864
3.690861940383911
3.7743659019470215
3.312312126159668
3.212108373641968
3.128603458404541
3.651893377304077
3.540555477142334
3.8133351802825928
3.785500288009644
3.7966346740722656
4.1473493576049805
4.514765739440918
4.11394739151001
3.935807466506958
4.436830043792725
3.94137454032898
4.2141523361206055
4.286520004272461
3.685295581817627
3.4230668544769287
3.738868951797485
3.79526162147522
3.975719690322876
3.958803176879883
3.682476758956909
3.518934488296509
3.620441913604736
3.9926388263702393
4.285883903503418
3.862934112548828
3.9869980812072754
4.0208353996276855
3.8065402507781982
3.468181133270264
3.648639678955078
3.507654905319214
3.366674423217773
3.6260826587677
3.3610360622406006
3.315920114517212
3.5866074562072754
3.389231443405152
3.315920114517212
3.569689512252808
3.406148195266724
3.8967690467834473
4.173096179962158
4.35355281829834
4.150538921356201
3.975719690322876
3.6993930339813232
3.6937549114227295
3.580967903137207
3.778344631195069
3.614803314208984
3.394869089126587
3.3553948402404785
3.3497557640075684
3.5414927005767822
3.4230668544769287
3.43998384475708
3.580967903137207
3.648639678955078
3.5414927005767822
3.445624589920044
3.6881160736083984
3.637360572814941
3.6768367290496826
3.654278039932251
3.710672378540039
3.7219510078430176
3.710672378540039
3.564049005508423
3.4850988388061523
3.445624589920044
3.43998384475708
3.4117887020111084
3.310281276702881
3.242609739303589
3.259527444839477
3.468181133270264
3.620441913604736
3.514716386795044
3.4118471145629883
3.554720640182495
3.337552070617676
3.337552070617676
3.1946775913238525
3.103238344192505
2.9832231998443604
2.9660775661468506
3.28040075302124
3.240395784378052
3.3889853954315186
3.8118956089019775
3.543290615081787
3.5090010166168213
3.5775814056396484
3.6004419326782227
3.8461856842041016
3.783320188522339
3.960483074188232
4.17765474319458
4.166225910186768
4.429113864898682
4.309099197387695
4.34338903427124
4.600563049316406
4.560560703277588
4.417683124542236
4.617708206176758
4.69200325012207
4.457688808441162
4.469119548797607
4.434830188751221
4.360534191131592
4.257664203643799
4.251948356628418
4.257664203643799
4.371964931488037
4.3948235511779785
4.200514316558838
4.269095420837402
4.291955471038818
4.211944580078125
4.0690693855285645
4.006204128265381
3.943339347839356
3.829038858413696
4.01763391494751
4.114787578582764
4.166225910186768
4.286238670349121
4.280524730682373
4.389108657836914
4.326244831085205
4.531982898712158
4.920600891113281
4.70914888381958
4.714863300323486
4.651999950408936
4.772013187408447
4.6462836265563965
4.543413639068604
4.417683124542236
4.501470565795898
4.530364036560059
4.385902404785156
4.247216701507568
4.258773326873779
4.287668228149414
4.357008934020996
4.299223899841309
4.310781955718994
4.426351547241211
4.357008934020996
4.345452308654785
4.536144733428955
4.536144733428955
4.4205732345581055
4.773062705993652
4.709500312805176
4.5419230461120605
5.090883255004883
5.021538734436035
4.998426914215088
4.923304080963135
4.703721523284912
4.842405319213867
4.628600597381592
4.576594352722168
4.553479194641113
4.397458076477051
4.478357791900635
4.472580432891846
4.559256553649902
4.518807411193848
4.611263275146484
4.432129859924316
4.501470565795898
4.853961944580078
4.825068950653076
4.744168758392334
4.576594352722168
4.48991584777832
4.507250308990479
4.495693683624268
4.524586200714111
4.4205732345581055
4.478357791900635
4.501470565795898
4.628600597381592
4.48413610458374
4.530364036560059
4.576594352722168
4.553479194641113
4.645934581756592
4.761505126953125
4.72105598449707
4.65171480178833
4.663271903991699
4.674826145172119
4.663271903991699
4.749949932098389
4.80773401260376
4.894413948059082
4.969532012939453
5.033095836639404
5.142887592315674
5.180811405181885
5.163308143615723
5.040789604187012
5.303328990936279
5.087462425231934
5.128302097320557
5.303328990936279
5.554203987121582
5.600875854492188
5.495861530303955
5.4783549308776855
5.75256872177124
5.75256872177124
5.583374500274658
5.5892109870910645
5.94509744644165
5.8050737380981445
5.577541351318359
5.554203987121582
5.694225788116455
5.612545967102051
5.5892109870910645
5.390843868255615
5.262489795684815
5.215816974639893
5.075793743133545
5.145805358886719
5.046623706817627
5.110800743103027
5.145805358886719
5.116634845733643
5.087462425231934
5.1224684715271
5.13997220993042
5.151638984680176
5.221652030944824
5.390843868255615
5.379176139831543
5.536700248718262
5.507528305053711
5.425849437713623
5.425849437713623
5.495861530303955
5.484192371368408
5.484192371368408
5.688391208648682
5.630046367645264
5.577541351318359
5.711729049682617
5.78173828125
5.676723957061768
5.700059413909912
5.688391208648682
5.740898609161377
5.834246635437012
5.898423671722412
6.061783790588379
6.079286575317383
6.143461227416992
6.108457088470459
5.997605800628662
5.988780975341797
5.924068450927734
5.841710567474365
5.841710567474365
5.794647693634033
5.665223121643066
5.665223121643066
5.82994270324707
5.947600364685059
6.029961109161377
6.106438159942627
6.371170997619629
6.1711506843566895
6.059374809265137
6.224097728729248
6.353520393371582
6.518241882324219
6.741793155670166
6.724142074584961
6.73590898513794
6.500593185424805
6.577071666717529
6.677080154418945
6.459413528442383
6.588836669921875
6.200565814971924
6.206450939178467
5.888771057128906
5.765232086181641
6.124086380004883
6.26527738571167
6.41234827041626
6.253512859344482
6.077024459838867
6.353520393371582
6.106438159942627
5.9828972816467285
5.700519561767578
5.7358174324035645
5.56521463394165
5.659339904785156
5.747583866119385
6.053495407104492
5.841710567474365
5.682871341705322
5.724052906036377
5.729933261871338
5.506386280059815
5.429906368255615
5.382844924926758
5.400493621826172
5.624042510986328
5.765232086181641
5.665223121643066
5.806411743164063
6.012311935424805
6.047610282897949
6.053495407104492
6.012311935424805
5.877006530761719
5.759349822998047
5.688754558563232
5.900538444519043
5.856037139892578
5.683979511260986
5.636510848999023
5.64244556427002
5.6127800941467285
5.523783206939697
5.761112213134766
5.933168411254883
6.17642879486084
6.140830993652344
6.3781585693359375
6.22389554977417
6.081501483917236
5.885706901550293
5.820440292358398
5.897572994232178
5.7551751136779785
6.229830741882324
6.354423522949219
6.425627708435059
6.30695915222168
6.152698040008545
6.039966106414795
6.039966106414795
6.140830993652344
6.0874342918396
6.164566040039063
6.117101669311523
5.974702835083008
6.111165046691895
4.746535778045654
4.72873592376709
4.438010692596436
4.782135963439941
4.823667526245117
4.669403553009033
4.627873420715332
4.544809818267822
4.485476493835449
4.414278984069824
4.325283527374268
4.265948295593262
4.040489196777344
4.082021713256836
3.9870920181274414
4.040489196777344
4.200684070587158
4.260015964508057
4.319347858428955
4.141353130340576
4.171018123626709
4.182884693145752
4.14728593826294
4.194751739501953
4.176951408386231
4.277818202972412
4.30748176574707
4.265948295593262
4.319347858428955
4.479543209075928
4.443944931030273
4.360880374908447
4.497342586517334
4.452340602874756
4.536346435546875
4.518344402313232
4.506343364715576
4.506343364715576
4.50034236907959
4.566348552703857
4.746363162994385
4.668357372283936
4.746363162994385
4.716360092163086
4.782365798950195
4.890375137329102
4.788366317749023
4.716360092163086
4.836368560791016
4.644354820251465
4.5963521003723145
4.734360218048096
4.638354301452637
4.60835075378418
4.614353179931641
4.69835901260376
4.578347682952881
4.566348552703857
4.446338653564453
4.5963521003723145
4.728361129760742
4.980379104614258
5.094388961791992
4.986380100250244
4.992381572723389
5.016383171081543
5.11838960647583
5.016383171081543
5.010381698608398
5.046385288238525
4.908375263214111
4.992381572723389
4.926376819610596
4.878372669219971
4.986380100250244
4.920376300811768
4.842370510101318
4.860373020172119
4.722360134124756
4.800365447998047
4.818366527557373
4.818366527557373
4.914373874664307
5.220396995544434
5.32840633392334
5.310405731201172
5.358409404754639
5.238399982452393
5.124391078948975
5.0523858070373535
5.0703864097595215
5.0703864097595215
5.094388961791992
5.154393672943115
5.418413162231445
5.352407455444336
5.403902530670166
5.3675537109375
5.34937858581543
5.325145721435547
5.252448081970215
5.288797378540039
5.137345314025879
5.203982830047607
5.100993633270264
4.901073455810547
4.998005390167236
5.088879108428955
5.058586597442627
5.058586597442627
5.319088935852051
5.397843837738037
5.264564514160156
5.191866397857666
5.143401622772217
5.137345314025879
5.088879108428955
5.125225067138672
5.2221550941467285
5.131287574768066
5.016178607940674
5.088879108428955
5.016178607940674
5.040412902832031
5.161575794219971
5.203982830047607
5.240331649780273
5.240331649780273
5.149459838867188
5.2463908195495605
5.258507251739502
5.203982830047607
5.252448081970215
5.234273910522461
5.2706217765808105
5.137345314025879
5.052530288696289
4.985887050628662
5.076762199401856
5.064645290374756
4.967713832855225
4.955597877502441
5.040412902832031
4.967713832855225
4.973771572113037
5.119168758392334
5.155516624450684
4.991945743560791
4.937424659729004
4.876841068267822
4.846548557281494
4.755678653717041
4.773851871490479
4.955597877502441
5.100993633270264
5.107051849365234
5.046469688415527
4.961654186248779
4.979830265045166
4.958404064178467
5.4113969802856445
5.588917255401611
5.699106693267822
5.888871192932129
6.011300563812256
5.992938041687012
5.980691909790039
5.833776950836182
5.7541985511779785
5.797049045562744
5.74807596206665
5.619525909423828
5.631768226623535
5.656255722045898
5.588917255401611
5.601161479949951
5.692981719970703
5.692981719970703
5.778683185577393
5.86438512802124
6.011300563812256
6.041909217834473
5.962327480316162
5.827654838562012
5.852144241333008
5.772563934326172
5.686862468719482
5.59503984451294
5.656255722045898
5.741956233978272
5.607281684875488
5.6501336097717285
5.533825397491455
5.527702808380127
5.607281684875488
5.64401388168335
5.619525909423828
5.582795143127441
5.533825397491455
5.454245090484619
5.386910438537598
5.380786895751953
5.442001819610596
5.490976333618164
5.288966655731201
5.264480113983154
5.2032647132873535
5.160414218902588
5.172657012939453
5.142052173614502
5.129807472229004
5.068591594696045
5.129807472229004
5.264480113983154
5.215508460998535
5.337936401367188
5.429760456085205
5.478730201721191
5.558310031890869
5.539946556091309
5.393031120300293
5.380786895751953
5.526046276092529
5.563134670257568
5.637309551239014
5.717666149139404
5.822747707366943
5.717666149139404
5.804202556610107
5.934010982513428
5.798022270202637
5.63112735748291
5.649672985076904
5.767115592956543
5.649672985076904
5.680577754974365
5.643492221832275
5.785660743713379
5.884560585021973
6.076181411743164
6.137991905212402
6.057635307312012
6.032912254333496
5.927828788757324
5.983460426330566
5.989642143249512
5.958736419677734
5.828929424285889
5.934010982513428
5.637309551239014
5.538411617279053
4.975915431976318
5.272615909576416
4.765752792358398
5.105721950531006
4.957372188568115
5.0871782302856445
5.056272506713867
5.0871782302856445
4.858471393585205
4.7348456382751465
4.790476322174072
4.975915431976318
5.050088882446289
4.932645797729492
5.037726402282715
5.328247547149658
5.352972030639648
5.396241188049316
5.136628150939941
4.926464557647705
4.907919883728027
5.229345321655273
5.080995559692383
4.870832443237305
4.92028284072876
5.050088882446289
5.161353588104248
5.30352258682251
5.32206392288208
5.093359470367432
4.975915431976318
4.7472076416015625
4.679215431213379
4.703940391540527
4.963551044464111
5.019184112548828
4.7348456382751465
4.957372188568115
4.753389835357666
4.5877556800842285
5.031529903411865
5.119034767150879
5.244042873382568
4.944026470184326
5.275295257568359
5.33779764175415
5.475305080413818
5.287793159484863
5.387800693511963
5.156537055969238
5.6128129959106445
5.6128129959106445
5.787820816040039
6.037837028503418
6.131590843200684
5.831574440002441
5.925328254699707
6.219097137451172
6.112839698791504
6.069089889526367
5.919081211090088
6.1878437995910645
6.312851905822754
6.250346660614014
6.237847328186035
6.400357246398926
6.019086837768555
6.094089984893799
6.219097137451172
6.081588268280029
6.1878437995910645
6.081588268280029
6.069089889526367
6.169093608856201
5.956583023071289
5.912827968597412
5.7003173828125
5.67531681060791
5.887828350067139
5.806573390960693
6.144094467163086
6.131590843200684
6.1878437995910645
6.287850856781006
6.30659818649292
6.319103240966797
6.025337219238281
6.287850856781006
6.087836265563965
5.950332164764404
5.869075298309326
5.906579971313477
5.900327682495117
5.787820816040039
6.037837028503418
6.150343894958496
6.300351142883301
6.262848377227783
6.33160400390625
6.231595993041992
6.37535572052002
6.269100666046143
6.437860012054443
6.466219425201416
6.510336399078369
6.466219425201416
6.604871273040772
6.680497169494629
6.667894840240479
6.699405193328857
6.699405193328857
6.856965065002441
7.064941883087158
6.718313694000244
6.913688659667969
6.894778728485107
6.856965065002441
6.882175922393799
6.604871273040772
6.623778820037842
6.6111741065979
6.636381149291992
6.831755638122559
6.850664138793945
7.02712869644165
6.964104175567627
6.957802295684815
6.957802295684815
6.964104175567627
6.78764009475708
6.989315509796143
6.964104175567627
6.951501369476318
7.159478187561035
7.12166690826416
7.12166690826416
6.907384872436523
7.058638572692871
6.983012676239014
6.926291942596436
6.850664138793945
6.78764009475708
6.838057994842529
6.705711364746094
6.756129741668701
6.48512601852417
6.630079746246338
6.705711364746094
6.775032997131348
6.825454235076904
7.02712869644165
7.0082221031188965
7.159478187561035
7.190991401672363
7.272921085357666
7.140572547912598
7.449387073516846
7.241409778594971
7.304433822631836
7.468297481536865
7.36745548248291
7.411571979522705
7.424176216125488
7.398968696594238
7.491018295288086
7.459280967712402
7.306917667388916
7.256131172180176
7.160903930664063
7.122817039489746
7.268825531005859
7.357702255249023
7.103770732879639
7.1736040115356445
7.357702255249023
7.211691856384277
7.211691856384277
7.332311153411865
7.275176048278809
7.40214204788208
7.503713130950928
7.497366905212402
7.535456657409668
7.345006942749023
7.325963973999023
7.332311153411865
7.281521797180176
7.116467475891113
7.262478351593018
7.281521797180176
7.1926469802856445
7.313265323638916
7.256131172180176
7.116467475891113
7.072028636932373
7.027593612670898
6.862536907196045
6.811748504638672
6.843491077423096
6.818099021911621
6.906974792480469
6.970458030700684
6.951410293579102
7.021243095397949
6.887928485870361
6.913317680358887
6.583209037780762
6.494332790374756
6.500681877136231
6.653040409088135
6.691129684448242
6.799051284790039
6.6847825050354
6.767310619354248
6.73556661605835
6.8498406410217285
6.938714981079102
6.913317680358887
7.033937931060791
7.04663610458374
6.862536907196045
7.008545875549316
6.900625705718994
6.951410293579102
7.167255401611328
7.23708438873291
7.395793914794922
7.4821271896362305
7.546076774597168
7.514100551605225
7.450150966644287
7.40538740158081
7.367015361785889
7.443753719329834
7.379806518554687
7.514100551605225
7.469337463378906
7.520493984222412
7.514100551605225
7.40538740158081
7.443753719329834
7.367015361785889
7.379806518554687
7.347830772399902
7.488523483276367
7.60363245010376
7.565263271331787
7.546076774597168
7.418177127838135
7.335042476654053
7.507705211639404
7.520493984222412
7.597233295440674
7.616419792175293
7.546076774597168
7.520493984222412
7.533286571502685
7.616419792175293
7.648393630981445
7.66118574142456
7.7379255294799805
7.763505935668945
7.757111549377441
7.673975467681885
7.558867454528809
7.597233295440674
7.629208564758301
7.667582988739014
7.686767101287842
7.648393630981445
7.6419997215271
7.699554443359375
7.66118574142456
7.808270454406738
7.923383235931396
7.846641540527344
7.89779806137085
7.942565441131592
8.057676315307617
8.147202491760254
7.942565441131592
7.942565441131592
7.904193878173828
7.83384895324707
7.7379255294799805
7.859428882598877
7.725131511688232
7.699554443359375
7.725131511688232
7.635607242584228
7.651705741882324
7.55509614944458
7.632386684417725
7.722559452056885
7.741879463195801
7.645266056060791
7.593739986419678
7.625944137573242
7.690353870391846
7.567976951599121
7.574416160583496
7.452040672302246
7.471365451812744
7.291019916534424
7.20728874206543
7.20084810256958
7.0977983474731445
7.072033405303955
7.078474521636963
6.9883012771606445
6.9689812660217285
7.0977983474731445
7.046268463134766
7.072033405303955
6.9947428703308105
6.659818172454834
6.518123149871826
6.576089382171631
6.588971614837647
6.402187347412109
6.189637660980225
6.189637660980225
6.221842288970947
6.3442206382751465
6.434391975402832
6.402187347412109
6.588971614837647
6.588971614837647
6.434391975402832
6.511681079864502
6.531002044677734
6.54388427734375
6.534142971038818
6.573113918304443
6.534142971038818
6.547133922576904
6.560123920440674
6.579608917236328
6.625074863433838
6.5081634521484375
6.456199169158936
6.397743225097656
6.482179164886475
6.625074863433838
6.664046287536621
6.787452697753906
6.839416027069092
6.78095817565918
6.754976749420166
6.748483657836914
6.716008186340332
6.754976749420166
7.034268856048584
7.144688606262207
7.248610019683838
7.170668601989746
7.151183128356934
7.196649551391602
7.209640502929687
7.144688606262207
7.164172172546387
7.164172172546387
7.157680034637451
7.229125499725342
7.131696701049805
7.20314359664917
7.151183128356934
7.099224090576172
7.131696701049805
7.183660507202148
7.190154552459717
7.144688606262207
7.144688606262207
7.3460373878479
7.164172172546387
7.118709087371826
7.151183128356934
7.1381916999816895
7.1381916999816895
7.125203609466553
7.125203609466553
7.1381916999816895
7.092724323272705
7.092724323272705
7.144688606262207
7.079736709594727
7.047261714935303
7.125203609466553
6.89137601852417
6.949833393096924
6.897871971130371
6.884882926940918
6.819930076599121
6.832920551300049
6.975813865661621
7.01478385925293
7.073240756988525
7.066745758056641
7.099224090576172
7.157680034637451
7.157680034637451
7.261602878570557
7.320059299468994
7.28108549118042
7.372020244598389
7.417483806610107
7.391505718231201
7.365523338317871
7.385010719299316
7.385010719299316
7.385010719299316
7.320059299468994
7.1989827156066895
7.205528736114502
7.100815773010254
7.146627426147461
7.153172492980957
7.172805309295654
7.159715175628662
7.290607929229736
7.244794368743896
7.251341819763184
7.041915416717529
7.055005073547363
6.950292587280273
6.924112319946289
6.871756553649902
6.747411727905273
6.976469993591309
7.081183910369873
7.074638843536377
7.015738010406494
7.094274044036865
7.113907814025879
6.865213394165039
6.930656433105469
7.041915416717529
7.172805309295654
7.316784858703613
7.336419582366943
7.284063339233398
7.329874992370605
7.290607929229736
7.401865482330322
7.428043365478516
7.375687122344971
7.486944198608398
7.59165620803833
7.545844078063965
7.408408164978027
7.375687122344971
7.454220771789551
7.650555610656738
7.59165620803833
7.65709924697876
7.506576061248779
7.506576061248779
7.454220771789551
7.388773918151855
7.460766315460205
7.513122081756592
7.558935165405273
7.369141578674316
7.218615055084228
7.1989827156066895
7.231704235076904
7.277517318725586
7.414955615997314
7.375687122344971
7.401865482330322
7.486944198608398
7.460766315460205
7.663642883300781
7.663642883300781
7.774902820587158
7.696368217468262
7.933990001678467
7.9405927658081055
7.966992378234863
8.178216934204102
8.138612747192383
8.217823028564453
8.231022834777832
8.171615600585938
8.224421501159668
8.349831581115723
8.297026634216309
8.369636535644531
8.83828353881836
8.89769172668457
8.7722749710083
8.858081817626953
8.990097999572754
8.8646821975708
8.759074211120605
8.646862983703613
8.620460510253906
8.640263557434082
8.943891525268555
8.937292098999023
8.970296859741211
8.844881057739258
8.7722749710083
8.673267364501953
8.666667938232422
8.739276885986328
8.805276870727539
8.851484298706055
8.686468124389648
8.732671737670898
8.633663177490234
8.811881065368652
8.712867736816406
8.844881057739258
8.792078018188477
8.745872497558594
8.448843955993652
8.462044715881348
8.521450996398926
8.409239768981934
8.422440528869629
8.448843955993652
8.660063743591309
8.673267364501953
8.75247573852539
8.805276870727539
8.706268310546875
8.640263557434082
8.719470977783203
8.759074211120605
8.924092292785645
8.89769172668457
8.765674591064453
8.877886772155762
8.924092292785645
8.943891525268555
8.983492851257324
8.924092292785645
8.8646821975708
8.991036415100098
9.163939476013184
9.117393493652344
9.09078884124756
9.203843116760254
8.984387397766113
8.858036994934082
8.877984046936035
9.037588119506836
9.276994705200195
9.303595542907717
9.190540313720703
9.32354736328125
9.35014820098877
9.47650146484375
9.496452331542969
9.556303977966309
9.483152389526367
9.64940357208252
9.682655334472656
9.79570770263672
9.789060592651367
9.782411575317385
9.669356346130373
9.602852821350098
9.622804641723633
9.642755508422852
9.77575969696045
9.589553833007812
9.90211296081543
9.85555934906006
9.809008598327637
9.862208366394045
9.895462989807127
9.87551212310791
9.90211296081543
9.922064781188965
9.94866180419922
10.214670181274414
10.334369659423828
10.440773010253906
10.626980781555176
10.646930694580078
10.733384132385254
10.620330810546877
10.560479164123535
10.587080001831056
10.70013427734375
10.939539909362791
11.039294242858888
10.9993896484375
10.766633987426758
10.80653953552246
10.799882888793944
11.09249210357666
11.09249210357666
11.28534698486328
11.119091987609863
11.27869987487793
11.431650161743164
11.431650161743164
11.498157501220703
11.49150276184082
11.391749382019045
11.41850757598877
11.211146354675291
11.211146354675291
11.150938987731934
11.157628059387209
11.14425277709961
11.22452163696289
11.1843843460083
11.050604820251465
11.070669174194336
11.124183654785156
10.990400314331056
11.104119300842283
11.324858665466309
11.338238716125488
10.91012477874756
10.575669288635254
10.294718742370604
10.428502082824709
10.234517097473145
10.241204261779783
9.980324745178224
9.605728149414062
9.806406021118164
9.866606712341309
9.83985424041748
9.92681121826172
9.900052070617676
10.007081985473633
9.980324745178224
9.993703842163086
10.087352752685549
10.241204261779783
9.92681121826172
9.853225708007812
9.97363567352295
10.274651527404783
10.127485275268556
10.247897148132324
10.308096885681152
10.415125846862791
10.381681442260742
10.716140747070312
10.69607162475586
10.776341438293455
10.84992504119873
10.78972339630127
10.69607162475586
10.7027587890625
10.595733642578123
10.655939102172852
10.669316291809082
10.70945167541504
10.729519844055176
10.997088432312012
10.90343952178955
10.856614112854004
10.823168754577637
10.622488021850586
10.441879272460938
10.43519401550293
10.635868072509766
10.92532730102539
10.945520401000977
10.891668319702148
10.494507789611816
10.359872817993164
10.265634536743164
10.184857368469238
9.801154136657717
9.754034996032717
9.821352005004885
9.848276138305664
9.902132034301758
10.009832382202148
9.915590286254885
10.009832382202148
9.902132034301758
9.747303009033203
9.53862476348877
9.417455673217772
9.478039741516112
9.733837127685549
9.754034996032717
9.861739158630373
9.686718940734863
9.552082061767578
9.64632511138916
9.653060913085938
9.780959129333496
10.043492317199709
9.841543197631836
9.592476844787598
9.545357704162598
9.59920883178711
9.83481216430664
9.700181007385254
9.821352005004885
9.841543197631836
9.861739158630373
10.056952476501465
9.888668060302734
9.848276138305664
9.814618110656738
9.95598316192627
9.969447135925291
10.06368637084961
10.36660385131836
10.406994819641112
10.649331092834473
10.60221004486084
10.440653800964355
10.413725852966309
10.413725852966309
10.487772941589355
10.723381042480469
10.92532730102539
10.891668319702148
10.918594360351562
10.898401260375977
10.77723217010498
10.905131340026855
10.93878936767578
10.804158210754396
10.858348846435549
11.020919799804688
10.932861328125
11.142847061157228
10.93963623046875
10.858348846435549
10.83125114440918
10.749966621398926
10.661910057067873
10.74319553375244
10.736420631408691
10.573847770690918
10.262255668640137
10.485791206359863
10.404505729675291
10.404505729675291
10.329995155334473
10.560302734375
10.539979934692385
10.39095973968506
10.438372611999512
10.567076683044434
10.357090950012209
10.106460571289062
10.099684715270996
10.099684715270996
10.187744140625
10.059043884277344
10.167424201965332
10.214839935302734
10.174198150634766
10.289352416992188
10.228391647338867
10.2012939453125
10.418054580688477
10.445149421691896
10.418054580688477
10.560302734375
10.580621719360352
10.580621719360352
10.628039360046388
10.553526878356934
10.445149421691896
10.526434898376465
10.641589164733888
10.512887954711914
10.431599617004396
10.424826622009276
10.50611400604248
10.370635032653809
10.53320598602295
10.621265411376951
10.641589164733888
10.499338150024414
10.350314140319824
10.329995155334473
10.539979934692385
10.438372611999512
10.235158920288086
10.018404006958008
10.106460571289062
9.889697074890137
9.937116622924805
9.910018920898438
9.720355033874512
9.659391403198242
9.760997772216797
9.84228229522705
9.746793746948242
9.521709442138672
9.73315143585205
9.41939926147461
9.41939926147461
9.501248359680176
9.64448070526123
9.467144966125488
9.746793746948242
9.719511985778809
9.719511985778809
9.951414108276367
9.801361083984377
9.869566917419434
9.91048812866211
9.99916172027588
10.347016334533691
10.483431816101074
10.572100639343262
10.763078689575195
10.694870948791504
10.517532348632812
10.626663208007812
10.74944019317627
10.708511352539062
10.65394687652588
10.59938144683838
10.810823440551758
10.694870948791504
10.606201171875
10.483431816101074
10.503889083862305
10.333372116088867
10.462968826293944
10.36065673828125
10.51071071624756
10.613022804260254
10.59938144683838
10.347016334533691
10.258344650268556
10.469786643981934
10.66758918762207
10.71533489227295
10.960880279541016
10.906312942504885
11.04954719543457
10.537993431091309
10.537993431091309
10.422040939331056
10.306090354919434
10.387943267822266
10.742616653442385
11.015447616577148
10.817646026611328
10.899493217468262
10.974519729614258
10.94041919708252
10.954058647155762
11.185962677001951
11.158512115478516
10.993814468383787
10.884011268615724
10.547747611999512
10.321279525756836
10.424219131469728
10.664408683776855
10.376179695129396
10.232067108154297
10.266380310058594
10.19775390625
10.094819068908691
10.300692558288574
10.184029579162598
10.06736660003662
10.547747611999512
10.396767616271973
10.540884017944336
10.410494804382324
10.129130363464355
10.328142166137695
10.026189804077148
10.335006713867188
10.58205795288086
10.479119300842283
10.746756553649902
10.87714672088623
10.650684356689451
10.712445259094238
10.609506607055664
10.870285034179688
10.884011268615724
10.973222732543944
10.911459922790527
10.863423347473145
10.863423347473145
10.726173400878906
10.753621101379396
10.678133010864258
10.781072616577148
10.739897727966309
10.856558799743652
10.753621101379396
10.69185733795166
10.678133010864258
10.664408683776855
10.787934303283691
10.6232328414917
10.746756553649902
11.048710823059082
10.98008632659912
10.884011268615724
10.993814468383787
10.856558799743652
10.870285034179688
11.014398574829102
10.856558799743652
10.746756553649902
10.671270370483398
10.774208068847656
10.787934303283691
11.029970169067385
11.023054122924805
10.919325828552246
11.002309799194336
10.905494689941406
10.912410736083984
10.884750366210938
10.836342811584473
10.93315887451172
11.078380584716797
10.974649429321287
11.14753246307373
11.099123001098633
10.829427719116213
10.981562614440918
10.953902244567873
11.036887168884276
11.057632446289062
10.93315887451172
10.857084274291992
11.064546585083008
11.064546585083008
10.822511672973633
10.739526748657228
10.836342811584473
10.829427719116213
10.953902244567873
10.946986198425291
10.988479614257812
11.099123001098633
11.112957954406738
11.133703231811523
11.230515480041504
11.064546585083008
11.27200984954834
11.30658721923828
11.334246635437012
11.30658721923828
11.244346618652344
11.175196647644045
11.348076820373535
11.396488189697266
11.341161727905272
11.223602294921877
11.389570236206056
11.58319854736328
11.45180892944336
11.666187286376951
11.707674026489258
11.880559921264648
12.136428833007812
12.191747665405272
12.136428833007812
12.005034446716309
12.14334201812744
11.928967475891112
12.081097602844238
12.122596740722656
12.226324081420898
12.385377883911133
12.34388828277588
12.406123161315918
12.502936363220217
12.171005249023438
12.177919387817385
12.35080337524414
12.108765602111816
12.213212013244627
12.011279106140137
11.969501495361328
12.234102249145508
12.3663969039917
12.5335111618042
12.5335111618042
12.56136703491211
12.658848762512209
12.56136703491211
12.589213371276855
12.48477268218994
12.630993843078612
12.387288093566896
12.303726196289062
12.185357093811035
12.19232177734375
12.234102249145508
12.261955261230469
12.331582069396973
12.310690879821776
12.352474212646484
12.408181190490724
12.345507621765137
12.220176696777344
12.3594331741333
12.254989624023438
12.004321098327637
12.018244743347168
12.178393363952637
12.213212013244627
12.199286460876465
11.997352600097656
11.656166076660156
11.60046100616455
10.93896770477295
10.667409896850586
10.973787307739258
11.140898704528809
11.154826164245604
11.314977645874023
10.93896770477295
11.078231811523438
11.120012283325195
11.106083869934082
11.523869514465332
11.523869514465332
11.670095443725586
11.635275840759276
11.642239570617676
11.851133346557615
11.913798332214355
11.614387512207031
11.405497550964355
11.628315925598145
11.537796974182127
11.579572677612305
11.70490550994873
11.816313743591309
11.544758796691896
11.544758796691896
11.628315925598145
11.621352195739746
11.454236030578612
11.7418212890625
11.720778465270996
11.92419147491455
12.064475059509276
11.95224952697754
12.078499794006348
11.938220024108888
11.594521522521973
11.748833656311035
11.769875526428224
11.797937393188477
11.994335174560549
11.797937393188477
12.043434143066406
12.40115737915039
12.246845245361328
12.113574981689451
12.730827331542969
12.576518058776855
12.239828109741213
12.415191650390623
12.47130298614502
12.464287757873535
12.68172550201416
13.09556484222412
12.91319751739502
12.990351676940918
12.850069046020508
12.55547046661377
12.281917572021484
12.48533058166504
12.492341995239258
12.66770076751709
12.64665699005127
12.730827331542969
12.77992343902588
12.885140419006348
12.976325035095217
13.018409729003906
12.976325035095217
12.976325035095217
12.723811149597168
12.499361038208008
12.758883476257324
12.47130298614502
12.232817649841309
12.036417961120604
12.029403686523438
11.60855197906494
11.671675682067873
12.127605438232422
12.324002265930176
12.099543571472168
11.938220024108888
11.987319946289062
12.043434143066406
12.183717727661133
12.239828109741213
12.211774826049805
12.381281852722168
12.169393539428713
11.950444221496582
11.618488311767578
11.674991607666016
11.533734321594238
11.109955787658691
10.912198066711426
10.898072242736816
10.876879692077637
10.431918144226074
10.601428031921388
10.474297523498535
10.389541625976562
10.318915367126465
10.212968826293944
10.212968826293944
10.029333114624023
10.41073226928711
10.41073226928711
10.601428031921388
10.813314437866213
10.664996147155762
10.396605491638184
10.42485809326172
10.495487213134766
10.304786682128906
10.38248062133789
10.495487213134766
10.368353843688965
10.149405479431152
10.495487213134766
10.785066604614258
10.714434623718262
10.862756729125977
10.848630905151367
10.912198066711426
10.6720552444458
10.763875007629396
10.982827186584473
11.237088203430176
10.96870231628418
11.32184600830078
11.547861099243164
11.667930603027344
11.872751235961914
11.943381309509276
11.611427307128906
11.526670455932615
11.653804779052734
12.070516586303713
12.06344985961914
12.07758331298828
11.766810417175291
11.985760688781738
12.240031242370604
12.148210525512695
12.197647094726562
12.021078109741213
12.091702461242676
12.148210525512695
12.275341033935549
12.317719459533691
12.324780464172363
12.39540958404541
12.359853744506836
11.975829124450684
12.032720565795898
11.712702751159668
11.705591201782228
11.798038482666016
11.904714584350586
12.374073028564451
12.416744232177734
12.374073028564451
12.494969367980955
12.622977256774902
12.722540855407717
12.459412574768066
12.466526985168455
12.317184448242188
12.45230197906494
12.42385196685791
12.246068000793455
12.217620849609377
12.281621932983398
11.975829124450684
11.76248550415039
11.655810356140137
11.734037399291992
11.670031547546388
11.862043380737305
11.712702751159668
11.726922988891602
11.563358306884766
11.734037399291992
11.513579368591309
12.018497467041016
11.819375991821287
11.982940673828123
11.93315887451172
12.27451229095459
12.352740287780762
12.295848846435549
12.39541244506836
12.480749130249023
12.55186367034912
12.544751167297363
12.33141040802002
12.523418426513672
12.494969367980955
12.566083908081056
12.42385196685791
12.203399658203123
12.025606155395508
11.798038482666016
11.812263488769531
11.712702751159668
11.71981143951416
11.904714584350586
11.911823272705078
11.819375991821287
12.25317668914795
11.456686973571776
10.887762069702148
11.136670112609863
11.371347427368164
11.655810356140137
11.506467819213867
11.1553955078125
11.248540878295898
11.406161308288574
11.65692901611328
11.89336109161377
12.230101585388184
12.244430541992188
12.330403327941896
12.344730377197266
12.25875473022461
12.208603858947754
12.201440811157228
11.757229804992676
11.914852142333984
11.750064849853516
11.807381629943848
11.900525093078612
11.871864318847656
11.785887718200684
11.714244842529297
11.585278511047363
11.785887718200684
11.828879356384276
12.308910369873049
12.201440811157228
12.25875473022461
12.122629165649414
12.179948806762695
12.136958122253418
12.237261772155762
12.215770721435549
12.237261772155762
12.344730377197266
12.316079139709473
12.330403327941896
12.394887924194336
12.394887924194336
12.488030433654783
12.566840171813965
12.60266399383545
12.72446060180664
12.745959281921388
12.638484954833984
12.73162841796875
12.488030433654783
12.545343399047852
12.52385425567627
12.351898193359377
12.344730377197266
12.172781944274902
12.036654472351074
12.151287078857422
12.151287078857422
12.237261772155762
12.26592254638672
12.35906219482422
12.58116626739502
12.552512168884276
12.3232421875
12.488030433654783
12.631319999694824
12.44503688812256
12.616991996765137
12.415003776550291
12.588136672973633
12.768484115600586
12.840620994567873
12.869477272033691
12.956039428710938
12.883901596069336
12.689129829406738
12.35728931427002
12.4366455078125
12.335655212402344
12.371722221374512
12.580923080444336
12.314011573791504
12.16252326965332
12.277944564819336
12.155306816101074
12.119236946105955
12.0975980758667
12.047101020812988
12.104809761047363
11.97496223449707
11.888394355773926
11.98217487335205
12.02545928955078
12.407793045043944
12.386152267456056
13.143597602844238
13.915483474731444
14.456520080566406
15.13461685180664
15.351033210754396
15.22118854522705
14.961484909057615
15.401531219482422
15.46645450592041
15.51695442199707
15.646803855895996
15.54580307006836
15.076909065246582
14.99034595489502
14.983126640319824
15.28611183166504
15.120189666748049
15.51695442199707
15.84157371520996
16.05799102783203
16.599027633666992
16.5846004486084
15.993062019348145
16.065204620361328
15.942562103271484
16.310470581054688
16.086843490600586
16.23833656311035
16.498027801513672
16.57738494873047
16.606245040893555
16.591812133789062
16.728870391845703
16.570165634155273
16.519670486450195
16.541316986083984
16.62066650390625
16.96874237060547
16.53365135192871
16.54815101623535
16.301593780517578
16.5408992767334
16.714941024780273
16.323352813720703
16.49738883972168
15.975269317626951
16.105798721313477
16.236330032348633
16.52639389038086
16.432125091552734
16.816465377807617
17.034008026123047
16.939741134643555
16.584409713745117
16.33785629272461
16.345108032226562
16.272584915161133
15.975269317626951
16.47563934326172
16.308849334716797
16.294347763061523
16.03328514099121
16.352359771728516
16.432125091552734
16.729440689086914
16.96874237060547
17.026756286621094
17.041255950927734
17.034008026123047
17.150033950805664
17.179040908813477
17.273311614990234
17.200794219970703
17.374834060668945
17.22254753112793
17.80992889404297
17.251564025878906
17.244304656982422
17.055763244628906
16.96874237060547
16.787452697753906
16.77294921875
16.707685470581055
16.910728454589844
16.932485580444336
16.88172721862793
17.113780975341797
17.229801177978516
16.809207916259766
15.583687782287598
15.286370277404783
15.416898727416992
15.445910453796388
15.308131217956545
15.590941429138184
15.554682731628418
16.105798721313477
16.01878547668457
15.661516189575195
15.617770195007324
15.260497093200684
15.46465301513672
15.428199768066406
15.23862361907959
15.46465301513672
15.173003196716309
14.808444023132324
15.05634307861328
15.034473419189451
15.129258155822754
15.47194766998291
15.508398056030272
15.836503028869627
15.8948335647583
16.26668357849121
16.062530517578125
15.705266952514648
15.82921314239502
15.66880989074707
15.82192611694336
16.05524253845215
16.047950744628906
16.128154754638672
15.916707038879396
15.880250930786133
15.559444427490234
15.486526489257812
15.676098823547363
15.763592720031738
14.998019218444824
14.96884822845459
14.946979522705078
14.925103187561035
15.209460258483888
15.129258155822754
15.13654327392578
15.063638687133787
14.837608337402344
14.801153182983398
15.129258155822754
15.04176425933838
14.998019218444824
14.895938873291016
15.121963500976562
15.639638900756836
16.383342742919922
16.288558959960938
16.325016021728516
16.244813919067383
16.26668357849121
16.20105743408203
16.222942352294922
16.047950744628906
15.741719245910645
15.705266952514648
15.719839096069336
15.836503028869627
15.953163146972656
16.1500244140625
16.514589309692383
16.35417938232422
16.735708236694336
16.515592575073242
16.412879943847656
16.603635787963867
16.603635787963867
16.574296951293945
16.581626892089844
16.44222640991211
16.2514591217041
16.13406753540039
16.112056732177734
16.19276237487793
16.053359985351562
15.708518981933594
15.92863655090332
16.310155868530273
15.833253860473633
15.847925186157228
15.752544403076172
15.80390453338623
15.92130184173584
15.92863655090332
15.67917537689209
15.818578720092772
15.759881973266602
15.825915336608888
15.605805397033691
15.297651290893556
15.128898620605469
15.539770126342772
15.481074333190918
15.444395065307615
14.97482204437256
15.004173278808594
14.930801391601562
15.07754611968994
15.092217445373535
15.150911331176758
15.260967254638672
15.20960521697998
15.128898620605469
15.114225387573242
15.187600135803224
15.334336280822754
14.828085899353027
14.864771842956545
14.59329891204834
14.776723861694336
15.143574714660645
15.400365829467772
15.6204833984375
15.451726913452148
15.56177806854248
15.811244010925291
15.891950607299805
16.229454040527344
16.368850708007812
16.552276611328125
16.728368759155273
16.750377655029297
17.29331398010254
17.49875259399414
17.73353385925293
17.968320846557617
17.850248336791992
17.25992202758789
17.503427505493164
17.496047973632812
17.473915100097656
17.59197998046875
17.481294631958008
17.282054901123047
17.33371353149414
17.466533660888672
17.163991928100586
17.341089248657227
17.783843994140625
17.73218536376953
17.621498107910156
17.76908302307129
17.643634796142578
17.857633590698242
17.92405128479004
17.4370174407959
17.606739044189453
17.42963981628418
17.680532455444336
17.61412239074707
17.569843292236328
16.972131729125977
16.913097381591797
16.684343338012695
16.61792755126953
16.854063034057617
16.809791564941406
16.890958786010742
16.898340225219727
16.986892700195312
17.25992202758789
17.444400787353516
17.36322784423828
17.24515724182129
17.282054901123047
17.90928840637207
18.55127716064453
18.145418167114254
18.10113906860352
18.31513977050781
17.79121971130371
17.71742820739746
17.75432777404785
17.61412239074707
17.518192291259766
17.577224731445312
17.45915985107422
17.149232864379883
17.643634796142578
17.953563690185547
17.813356399536133
17.65101432800293
17.90928840637207
17.828113555908203
17.74694061279297
17.628875732421875
17.702667236328125
17.38536834716797
17.33371353149414
17.318952560424805
17.237295150756836
17.408035278320312
17.408035278320312
17.60103988647461
17.74951171875
18.061298370361328
18.039026260375977
17.846017837524414
18.09099578857422
17.764360427856445
18.12811088562012
18.2246150970459
18.194923400878903
17.883136749267578
17.541656494140625
17.60846519470215
17.578771591186523
17.415456771850586
17.37091827392578
17.519384384155273
17.363496780395508
16.584030151367188
16.725072860717773
16.79188346862793
16.309364318847656
16.695375442504883
16.77703857421875
16.858699798583984
17.222448348999023
17.326372146606445
17.54907989501953
17.311525344848633
17.467422485351562
17.081401824951172
17.34864616394043
17.519384384155273
17.415456771850586
17.0739803314209
17.17790412902832
17.44515037536621
17.704973220825195
17.868289947509766
18.0687198638916
17.71239471435547
18.00933265686035
18.053874969482425
17.912832260131836
17.697546005249023
17.846017837524414
17.920249938964844
17.883136749267578
17.74951171875
17.764360427856445
17.215023040771484
16.569181442260742
16.999744415283203
16.702800750732422
16.888389587402344
16.806732177734375
16.42813491821289
16.73992347717285
16.911725997924805
17.105945587158203
16.597990036010742
16.508359909057617
16.874385833740234
16.814617156982422
17.053653717041016
16.76980209350586
16.904258728027344
16.680156707763672
16.568113327026367
16.54570198059082
16.635347366333008
16.86690902709961
17.008834838867188
16.941606521606445
16.814617156982422
16.896785736083984
16.54570198059082
16.889324188232422
16.814617156982422
16.620403289794922
16.881847381591797
16.978952407836914
17.135822296142578
17.247873306274414
17.150758743286133
17.098474502563477
16.978952407836914
17.18064308166504
17.27775001525879
17.404735565185547
17.285215377807617
17.53919219970703
17.62883186340332
17.561603546142578
17.501848220825195
17.4570255279541
17.225461959838867
17.5765438079834
17.322572708129883
17.516782760620117
17.76328468322754
17.4570255279541
17.830520629882812
17.830520629882812
17.823049545288086
17.643774032592773
17.419675827026367
17.4570255279541
17.524250030517578
17.53172492980957
17.53172492980957
17.770763397216797
17.86786651611328
17.81557846069336
17.77822494506836
17.54666519165039
17.367387771606445
16.993892669677734
16.919198989868164
16.747386932373047
17.091001510620117
16.993301391601562
17.14361572265625
17.196226119995117
17.47430992126465
17.29393196105957
17.241321563720703
16.86553192138672
16.715211868286133
16.80540657043457
16.722726821899414
16.925655364990234
17.136098861694336
17.4141845703125
17.774944305419922
17.669719696044922
17.421703338623047
17.789974212646484
17.76742935180664
17.774944305419922
17.97787094116211
18.12818717956543
18.195831298828125
17.87264633178711
18.000417709350586
18.03048324584961
18.173288345336918
18.12067413330078
18.20334243774414
18.135704040527344
18.353662490844727
18.15073776245117
18.323596954345703
18.413787841796875
18.428821563720703
18.684356689453125
18.66181182861328
18.52652740478516
18.466402053833008
18.248435974121094
18.06054306030273
18.000417709350586
17.895198822021484
18.07557487487793
18.143217086791992
18.037996292114254
18.09061050415039
18.03048324584961
17.970355987548828
17.955322265625
17.8501033782959
17.714820861816406
17.917741775512695
17.7974910736084
17.69978904724121
17.752399444580078
17.87264633178711
17.707304000854492
17.346542358398438
17.166162490844727
16.835468292236328
16.752788543701172
16.77533721923828
16.52731704711914
16.52731704711914
16.913084030151367
16.86769676208496
16.739105224609375
16.913084030151367
16.94333839416504
16.77692985534668
16.285266876220703
15.96758270263672
16.164243698120117
16.239883422851562
16.35334587097168
16.149118423461914
16.005399703979492
15.536431312561035
15.665019989013672
15.233878135681152
15.914634704589844
15.793607711791992
16.391162872314453
16.678600311279297
16.52731704711914
16.784496307373047
16.973588943481445
16.973588943481445
16.928207397460938
16.958465576171875
17.041664123535156
16.94333839416504
16.829879760742188
16.94333839416504
16.746671676635742
17.192943572998047
17.442562103271484
17.412307739257812
17.23076629638672
17.056798934936523
17.139999389648438
17.412307739257812
17.298845291137695
17.465253829956055
17.313974380493164
17.578712463378906
17.510637283325195
16.459238052368164
16.421419143676758
16.421419143676758
16.224756240844727
16.09617042541504
16.300397872924805
15.944889068603516
15.649897575378418
15.521307945251465
15.301952362060549
14.878369331359863
14.90862274169922
14.711959838867188
14.545554161071776
15.18848991394043
15.279258728027344
15.301952362060549
15.301952362060549
15.521307945251465
15.60508155822754
16.016342163085938
16.031574249267578
16.579925537109375
16.62561798095703
16.610383987426758
16.58753776550293
16.526609420776367
16.55707550048828
16.8007869720459
16.945491790771484
17.13589096069336
16.846479415893555
16.82363510131836
16.68654441833496
16.82363510131836
16.960721969604492
16.915023803710938
16.71700668334961
16.68654441833496
16.663692474365234
16.975955963134766
16.88456153869629
16.98356819152832
17.120655059814453
16.88456153869629
17.014034271240234
17.128267288208008
17.173967361450195
16.975955963134766
17.212045669555664
17.364364624023438
17.608070373535156
17.42529296875
17.455753326416016
17.410058975219727
17.15873146057129
17.34151840209961
17.35675048828125
17.379600524902344
17.2882080078125
17.2882080078125
16.739850997924805
16.313365936279297
16.328594207763672
16.534225463867188
16.397138595581055
16.58753776550293
16.602771759033203
16.58753776550293
16.88456153869629
16.49614906311035
16.077268600463867
16.145814895629883
15.399452209472656
15.612698554992676
16.05442237854004
16.0391902923584
16.1762752532959
16.031574249267578
16.427602767944336
16.289358139038086
16.289358139038086
16.450645446777344
16.565845489501953
16.48136329650879
16.181846618652344
16.435285568237305
16.396881103515625
16.72712516784668
16.435285568237305
16.788564682006836
16.796249389648438
16.435285568237305
16.1434383392334
16.489044189453125
16.442964553833008
16.596567153930664
16.596567153930664
16.72712516784668
16.665685653686523
16.473682403564453
16.665685653686523
17.042009353637695
16.919126510620117
16.673364639282227
16.40456199645996
16.419921875
16.442964553833008
15.928399085998535
16.32008934020996
16.128084182739258
16.389202117919922
16.335447311401367
16.41224479675293
16.535127639770508
16.327760696411133
16.012880325317383
16.212560653686523
15.982160568237305
16.174163818359375
15.982160568237305
15.78248119354248
15.7901611328125
16.281686782836914
16.281686782836914
16.25096321105957
16.18952178955078
16.350805282592773
16.41224479675293
16.289358139038086
16.37384033203125
16.31240463256836
16.08200454711914
16.466005325317383
16.335447311401367
16.519763946533203
16.36616325378418
16.128084182739258
16.05896759033203
16.120399475097656
16.304723739624023
16.151123046875
16.220247268676758
16.1660213470459
16.227994918823242
16.3519229888916
16.13503646850586
16.073062896728516
16.0111026763916
16.14278221130371
16.297704696655273
15.99560260772705
16.09630584716797
15.98786163330078
16.11179542541504
15.778717041015623
15.747736930847168
15.902663230895996
16.22024917602539
16.6075439453125
16.76246452331543
16.886409759521484
17.041332244873047
17.049072265625
16.545578002929688
16.297704696655273
15.941388130187988
15.98786163330078
15.79421329498291
16.10405158996582
16.13503646850586
15.96462631225586
16.150529861450195
15.778717041015623
15.6470365524292
16.073062896728516
16.15827751159668
15.99560260772705
15.980114936828612
16.0808162689209
15.63929271697998
15.949134826660156
15.54633617401123
15.70125675201416
15.918143272399902
15.933637619018556
15.585071563720703
15.569574356079102
15.832937240600586
15.72449779510498
16.576562881469727
16.530086517333984
16.53783416748047
16.553321838378906
16.654024124145508
16.700498580932617
16.74697494506836
16.909645080566406
16.754714965820312
16.78570556640625
16.646276473999023
16.344179153442383
16.530086517333984
16.1660213470459
16.204753875732422
16.1660213470459
15.939434051513672
15.744091987609863
15.744091987609863
15.876927375793455
15.978496551513672
15.650331497192385
15.689401626586914
15.736281394958496
15.908177375793455
15.884739875793455
16.119136810302734
16.158205032348633
16.330093383789062
16.376981735229492
16.59575843811035
16.736406326293945
16.68170928955078
15.955060005187988
16.376981735229492
16.54107093811035
16.67389488220215
16.494184494018555
16.236343383789062
16.548879623413086
16.775468826293945
16.783283233642578
16.666080474853516
16.798912048339844
16.798912048339844
16.759845733642578
16.759845733642578
16.67389488220215
16.72077751159668
16.666080474853516
16.572317123413086
16.59575843811035
16.50981330871582
16.50200080871582
16.54107093811035
16.69733238220215
16.72077751159668
16.759845733642578
16.689523696899414
16.556692123413086
16.29884910583496
16.439491271972656
16.50981330871582
16.689523696899414
16.689523696899414
16.752029418945312
16.783283233642578
17.072383880615234
16.877046585083008
17.072383880615234
17.23646354675293
17.24427604675293
17.189586639404297
17.08019256591797
16.978620529174805
16.96299171447754
16.994243621826172
16.822349548339844
16.85360336303711
16.861419677734375
16.955968856811523
16.940208435058594
16.84565544128418
16.69595718383789
16.822025299072266
16.822025299072266
16.711711883544922
16.743236541748047
16.80626678466797
16.688079833984375
16.971723556518555
17.145069122314453
16.77474594116211
16.81414222717285
17.034765243530273
16.63292121887207
16.514732360839844
16.538368225097656
16.412302017211914
16.585649490356445
16.365034103393555
16.59352684020996
16.82990264892578
17.21598243713379
17.097793579101562
16.86929702758789
16.78262710571289
16.85354232788086
16.908689498901367
16.9953670501709
16.90081214904785
16.77474594116211
16.758991241455078
16.84565544128418
16.617158889770508
16.21532440185547
15.781973838806152
15.750452041625977
15.285587310791016
14.607975006103516
15.466800689697266
15.112241744995115
15.411651611328123
14.87586784362793
14.68676471710205
13.300033569335938
13.654595375061035
12.921835899353027
11.92906093597412
13.402462005615234
13.244879722595217
15.324981689453123
14.99405574798584
15.151639938354492
14.017040252685549
12.787887573242188
14.127348899841309
14.30069065093994
15.66378402709961
15.143763542175291
15.84500503540039
15.797730445861816
15.198915481567385
15.655906677246094
15.364380836486816
15.49044132232666
15.18031883239746
15.132606506347656
16.420822143554688
15.37911319732666
15.43477725982666
14.671390533447266
14.77476692199707
15.39501667022705
15.530200004577637
15.371158599853516
15.172362327575684
15.172362327575684
15.331408500671388
16.229976654052734
16.54806137084961
17.279638290405273
16.532154083251953
15.911895751953123
15.713104248046877
15.58586597442627
15.1405611038208
14.79067039489746
15.45068359375
14.782719612121582
14.059087753295898
13.462689399719238
13.422929763793944
13.327507019042969
14.472589492797852
13.931856155395508
14.56006145477295
14.401022911071776
14.337407112121582
15.188264846801758
16.17430877685547
15.601771354675291
15.514297485351562
15.267788887023926
14.97356128692627
15.577914237976074
15.665382385253906
16.84227752685547
16.460586547851562
16.26178550720215
15.80851936340332
14.480544090270996
14.719100952148438
14.782719612121582
15.21212100982666
14.87813949584961
15.04513454437256
15.00537109375
14.798622131347656
14.62367820739746
14.003425598144531
14.424874305725098
14.122703552246094
14.631631851196287
14.901994705200195
14.401022911071776
14.281742095947266
14.432831764221191
14.106800079345703
13.833661079406738
13.415921211242676
13.873827934265137
14.243369102478027
14.010396003723145
14.50847339630127
14.580777168273926
14.251404762268066
14.090734481811523
14.81374740600586
14.47633934020996
15.191317558288574
15.006546974182127
14.572736740112305
14.371903419494627
14.73341178894043
14.484374046325684
14.51650619506836
14.49240779876709
14.420105934143066
14.693242073059082
14.66110897064209
15.303787231445312
15.456422805786133
15.609063148498535
15.456422805786133
15.27165412902832
15.368054389953612
15.16722011566162
14.757512092590332
14.926215171813965
14.637008666992188
14.604877471923828
15.014581680297852
14.97441291809082
14.669142723083496
14.90211296081543
14.79768180847168
14.628979682922363
14.548643112182615
14.524541854858398
14.604877471923828
14.869980812072754
14.171065330505373
13.938098907470703
13.777425765991213
13.721192359924316
13.785460472106934
13.576589584350586
13.729225158691406
13.664955139160156
13.833661079406738
13.142780303955078
12.941944122314451
12.668805122375488
12.845542907714844
12.90981101989746
13.391820907592772
13.295416831970217
13.359685897827148
13.287384033203123
13.568553924560549
13.94613265991211
14.07601261138916
14.352012634277344
14.522480010986328
14.53060245513916
14.822834968566896
14.28707218170166
14.01918888092041
14.498132705688477
14.50624656677246
14.28707218170166
14.457539558410645
14.48189640045166
14.879664421081545
15.017660140991213
14.830950736999512
14.37636375427246
13.881187438964844
14.124716758728027
14.20589542388916
14.61178207397461
14.830950736999512
13.58083438873291
13.921775817871094
14.408835411071776
16.66554069519043
17.030834197998047
16.284013748168945
15.878129959106444
16.340837478637695
17.079545974731445
16.998369216918945
16.446365356445312
16.357074737548828
16.154132843017578
16.340837478637695
16.85224723815918
16.478839874267578
16.227190017700195
15.415424346923828
15.658957481384276
15.764483451843262
15.626483917236328
16.04860496520996
15.983659744262695
16.04048728942871
16.03236198425293
16.097309112548828
15.951189994812012
15.845660209655762
16.154132843017578
16.154132843017578
16.12978172302246
15.93495273590088
15.732010841369627
15.431662559509276
15.861895561218262
15.93495273590088
16.08918571472168
15.845660209655762
15.87843132019043
15.976755142211914
15.993139266967772
16.157001495361328
17.69732666015625
17.746482849121094
17.418758392333984
17.62358856201172
17.820228576660156
17.377788543701172
17.574430465698242
17.295860290527344
17.607196807861328
17.451528549194336
17.18934440612793
17.656360626220703
17.459726333618164
17.025484085083008
16.345447540283203
16.36182975769043
15.919403076171877
16.189775466918945
16.402799606323242
16.206165313720703
16.681365966796875
16.525693893432617
16.8370361328125
17.058252334594727
17.164770126342773
17.164770126342773
17.30405044555664
17.30405044555664
17.21392822265625
17.033676147460938
17.320432662963867
17.705522537231445
17.91034507751465
18.31181526184082
17.91034507751465
17.541658401489258
18.008665084838867
17.746482849121094
18.03324317932129
18.188915252685547
18.664125442504883
19.75381851196289
19.565378189086918
19.79478645324707
19.95045280456543
20.39288711547852
19.81117248535156
19.458864212036133
19.311384201049805
19.48344612121582
19.63092041015625
18.754249572753903
18.106983184814453
18.139760971069336
18.401939392089844
18.950883865356445
18.4265193939209
18.566930770874023
18.24481010437012
18.35218811035156
18.459556579589844
18.22829246520996
18.104406356811523
18.12918281555176
18.22829246520996
18.35218811035156
18.07962417602539
18.120922088623047
18.1126651763916
18.21177864074707
18.038331985473636
17.48495864868164
17.790552139282227
17.592330932617188
18.21177864074707
18.038331985473636
17.972257614135742
17.77404022216797
17.807071685791016
17.517993927001953
17.798812866210938
17.873144149780273
17.798812866210938
18.1126651763916
17.98051643371582
17.740995407104492
17.64188575744629
17.6253662109375
18.310888290405277
18.525634765625
18.5751895904541
18.31914710998535
18.434783935546875
18.48433494567871
18.84774398803711
18.36870384216309
17.75751304626465
17.964000701904297
18.294368743896484
18.31914710998535
18.46782112121582
18.37696075439453
18.51737403869629
18.426517486572266
18.566930770874023
18.666038513183597
18.40174102783203
18.220033645629883
18.21177864074707
18.02181053161621
18.32740974426269
18.60822868347168
17.848369598388672
17.038955688476562
17.64188575744629
17.64188575744629
17.385845184326172
17.699697494506836
17.82358741760254
17.28673553466797
17.161773681640625
17.153438568115234
17.228418350219727
16.911846160888672
16.611927032470703
16.503625869750977
16.14539337158203
16.611927032470703
16.78687858581543
16.403654098510742
16.445302963256836
16.770214080810547
16.4119873046875
15.945449829101562
16.103736877441406
16.378662109375
15.995440483093262
16.0787410736084
16.12873077392578
16.020427703857422
16.037090301513672
16.045419692993164
15.878803253173828
15.82048511505127
16.037090301513672
15.903796195983888
16.2120418548584
16.57027244567871
16.353670120239258
16.595266342163086
16.81186866760254
16.828533172607422
16.87019157409668
16.845197677612305
16.803543090820312
16.761886596679688
16.561939239501953
16.945165634155273
16.928503036499023
16.911846160888672
16.803543090820312
16.611927032470703
17.036806106567383
16.87019157409668
16.961828231811523
16.78687858581543
16.720232009887695
16.611927032470703
16.57027244567871
16.303682327270508
16.345335006713867
16.07041358947754
15.953783988952637
15.87046718597412
15.85381317138672
15.845480918884276
16.087072372436523
15.737176895141602
15.82048511505127
15.87046718597412
16.228702545166016
16.470304489135742
17.086795806884766
16.986820220947266
17.17843246459961
16.970157623291016
17.195093154907227
17.07012939453125
17.070131301879883
16.969276428222656
17.019702911376953
17.086938858032227
16.784366607666016
16.67510414123535
16.59946060180664
16.809579849243164
16.801177978515625
16.565841674804688
16.68351173400879
16.952465057373047
16.70871925354004
16.557437896728516
16.67510414123535
16.54062843322754
16.36412811279297
16.67510414123535
16.82638931274414
17.439939498901367
17.095346450805664
17.64165496826172
17.305463790893555
17.557607650756836
17.355892181396484
17.423131942749023
17.423131942749023
17.481966018676758
17.355892181396484
17.37270736694336
17.566015243530273
17.566015243530273
17.532398223876953
17.330678939819336
17.59963607788086
17.6080379486084
17.355892181396484
16.481796264648438
16.28008270263672
16.061555862426758
16.162412643432617
16.86841583251953
16.74234390258789
17.170989990234375
17.170989990234375
17.41472816467285
17.255035400390625
17.64165496826172
17.498775482177734
17.927419662475586
17.868587493896484
18.11232566833496
17.81815528869629
17.574417114257812
17.792940139770508
17.927419662475586
18.087114334106445
18.1207275390625
18.154630661010746
18.163105010986328
18.12920570373535
18.146154403686523
18.29023742675781
18.552982330322266
18.57841110229492
19.15474319458008
19.38358688354492
19.86669540405273
19.654808044433597
19.570049285888672
19.66328239440918
19.80736541748047
19.680233001708984
19.358158111572266
18.90895271301269
18.89200592041016
19.188648223876957
19.24797821044922
19.04456329345703
18.883527755737305
18.7309684753418
18.671640396118164
18.65468978881836
18.90895271301269
19.07847023010254
19.315786361694336
19.578527450561523
20.095531463623047
19.87516975402832
20.053157806396484
20.087059020996094
19.94297409057617
20.324373245239254
20.31589698791504
20.112483978271484
20.30742454528809
20.273517608642575
19.9260196685791
19.40901756286621
20.02772331237793
19.985355377197266
19.4174919128418
19.815841674804688
19.951452255249023
19.69718360900879
19.570049285888672
19.30731010437012
19.578527450561523
19.69718360900879
19.892114639282227
20.31589698791504
20.1040096282959
20.248096466064453
19.959924697875977
19.39206314086914
19.76498413085937
19.90059471130371
19.54462432861328
19.74803733825684
20.324373245239254
20.21418571472168
20.383703231811523
19.84126663208008
19.671754837036133
19.58700180053711
19.688703536987305
19.52641487121582
19.449539184570312
19.270158767700195
19.329952239990234
19.398286819458008
19.440998077392575
19.50078773498535
19.449539184570312
19.552038192749023
20.107254028320312
20.286630630493164
20.611215591430664
20.448923110961918
20.49163055419922
20.07308578491211
20.047456741333008
20.20975685119629
19.663084030151367
19.868083953857425
19.96204376220703
20.577043533325195
20.3207950592041
20.243921279907227
20.278085708618164
19.97058486938477
20.013294219970703
19.9962100982666
20.158504486083984
20.107254028320312
20.585590362548828
20.423295974731445
20.158504486083984
20.39767265319824
20.653921127319336
20.68808937072754
20.83329963684082
21.04684257507324
21.25184440612793
21.16642570495605
20.99559593200684
21.320178985595703
21.2860107421875
21.3030948638916
21.47393226623535
21.37142562866211
20.88455581665039
20.54288101196289
20.354961395263672
20.3207950592041
20.43183708190918
20.500167846679688
20.611215591430664
21.18350982666016
21.14080238342285
20.74788475036621
21.14934539794922
21.39705467224121
21.602060317993164
21.34386444091797
21.35247230529785
21.64508628845215
21.507387161254883
21.300830841064453
21.145919799804688
21.163131713867188
21.11149406433105
21.120098114013672
20.72420310974121
20.715599060058597
20.999608993530277
20.98239517211914
21.464353561401367
21.748367309570312
22.462696075439453
22.350812911987305
22.488513946533203
22.77252578735352
22.78973960876465
22.77252578735352
22.953264236450195
23.022113800048828
22.58318519592285
22.57457733154297
22.342205047607425
22.57457733154297
22.755313873291016
22.94465446472168
23.039325714111328
23.392189025878903
23.77947235107422
23.90857315063477
24.132339477539062
23.796688079833984
23.865537643432617
23.69341278076172
23.280303955078125
22.98768615722656
22.996294021606445
23.42660903930664
23.20284652709961
22.901626586914062
22.763917922973636
22.58318519592285
22.17868423461914
21.980737686157227
21.54181480407715
21.76557922363281
21.90328025817871
22.14426040649414
22.31638526916504
22.109832763671875
22.066804885864254
22.342205047607425
22.53154563903809
22.93604850769043
23.15120887756348
22.901626586914062
22.901626586914062
22.63482666015625
22.609004974365234
22.32499313354492
22.385238647460938
21.95492172241211
21.791399002075195
22.29056930541992
23.027807235717773
22.87168312072754
22.85433959960937
22.602807998657227
22.85433959960937
22.98443984985352
23.027807235717773
23.8864688873291
23.504838943481445
24.05126190185547
23.99921989440918
23.80841064453125
23.851776123046875
22.68086814880371
23.14056396484375
23.49616813659668
23.63494300842285
24.14667320251465
24.701765060424805
24.9099235534668
24.458911895751957
24.085952758789062
24.0686092376709
24.658397674560547
24.53697204589844
24.51095199584961
24.51095199584961
25.10941696166992
24.41554069519043
24.07728576660156
23.990550994873047
23.61759376525879
23.730348587036133
24.094633102416992
24.372180938720703
24.667072296142575
24.42422103881836
24.58033943176269
24.354833602905277
24.562992095947266
24.875232696533203
24.74513053894043
24.831867218017575
23.90381622314453
23.912494659423828
23.678306579589844
23.643617630004883
23.34004783630371
23.435455322265625
22.949743270874023
22.29056739807129
22.368627548217773
22.14311981201172
22.47270965576172
22.43801689147949
22.85433959960937
22.611480712890625
22.71556282043457
22.73291015625
22.61054992675781
22.829051971435547
22.50566864013672
22.07740592956543
21.96378326416016
21.622922897338867
21.99000740051269
21.74528312683105
21.692840576171875
21.815204620361328
22.225988388061523
22.365827560424805
22.339609146118164
21.544261932373047
21.343242645263672
21.614181518554688
21.48307991027832
21.238353729248047
21.13347816467285
20.87127494812012
20.91497611999512
20.87127494812012
21.16843605041504
21.282058715820312
22.147329330444336
22.260948181152344
22.03370475769043
22.23472785949707
21.92882537841797
21.413162231445312
21.404420852661133
21.404420852661133
21.063554763793945
21.14221954345703
21.13347816467285
21.29079818725586
20.932456970214844
21.25583839416504
21.150957107543945
21.26458168029785
21.14221954345703
20.91497611999512
21.04607391357422
20.880014419555664
21.063554763793945
20.74017333984375
20.154590606689453
20.145849227905277
18.74744415283203
18.887283325195312
15.81077766418457
16.807144165039062
16.431324005126953
16.981948852539062
16.03801918029785
15.950618743896484
16.509981155395508
15.592276573181152
15.006691932678224
14.928030014038086
15.04164981842041
14.893071174621582
14.770709991455078
14.316226959228516
14.578432083129885
14.53472900390625
14.251643180847168
14.269335746765137
14.331260681152344
14.287027359008787
14.189717292785645
14.048173904418944
14.260488510131836
13.667776107788086
14.065865516662598
13.526232719421388
13.968555450439451
13.667776107788086
13.543926239013672
13.552772521972656
12.880440711975098
13.145833969116213
13.19891357421875
13.243146896362305
12.87159538269043
11.730401992797852
11.606550216674805
10.580361366271973
10.81921672821045
10.44766616821289
10.394587516784668
10.261889457702637
9.607250213623049
9.837257385253906
10.191118240356444
9.908032417297363
10.624593734741213
10.544977188110352
10.182273864746094
10.713057518005373
11.14653778076172
10.943066596984863
10.89883518218994
11.14653778076172
11.14653778076172
10.624593734741213
11.013837814331056
11.818865776062012
11.677321434020996
12.4646577835083
13.225452423095703
12.915826797485352
12.783130645751951
12.712359428405762
12.942367553710938
12.4646577835083
12.942367553710938
13.092756271362305
12.668126106262209
12.199264526367188
11.686169624328612
11.473854064941406
11.703861236572266
11.986948013305664
11.827712059020996
12.040026664733888
11.748095512390137
12.27888298034668
12.072437286376951
11.928825378417969
12.207075119018556
12.216053009033203
12.494300842285156
12.92513942718506
13.338025093078612
12.970017433166504
13.257244110107422
13.97530746459961
14.828007698059082
14.43307113647461
14.316386222839355
14.998544692993164
14.828007698059082
15.438362121582031
16.183353424072266
16.66804313659668
16.937318801879883
16.793704986572266
17.062976837158203
17.206592559814453
17.35917854309082
17.592548370361328
17.42201042175293
17.062976837158203
17.161714553833008
17.305326461791992
16.76677894592285
16.20130157470703
15.869196891784668
15.896124839782717
15.869196891784668
15.59095287322998
15.312697410583496
15.537094116210938
15.59095287322998
15.59095287322998
15.82431983947754
15.90510368347168
15.671730995178224
15.671730995178224
16.30901336669922
15.932024955749512
15.572999000549316
15.438362121582031
15.528120040893556
15.456310272216797
15.671730995178224
15.474261283874512
15.689682006835938
15.537094116210938
15.06137752532959
15.088305473327637
14.89981460571289
14.765177726745604
14.594636917114258
14.828007698059082
14.675418853759766
14.531805992126465
14.73824977874756
14.872883796691896
14.477951049804688
14.196208000183104
14.514304161071776
14.859667778015137
14.796050071716309
14.750606536865234
14.959640502929688
14.941463470458984
14.759695053100586
14.287092208862305
14.523393630981444
14.950553894042969
14.468862533569336
14.641544342041016
14.205296516418455
14.041704177856444
13.696341514587402
13.614543914794922
14.605189323425291
14.250738143920898
14.123499870300291
14.196208000183104
14.514304161071776
15.45041847229004
16.022993087768555
15.723072052001951
15.468594551086426
15.15049934387207
14.859667778015137
14.796050071716309
14.859667778015137
16.631919860839844
16.77733612060547
16.631919860839844
16.82278060913086
16.740982055664062
16.122966766357422
16.268381118774414
16.22294044494629
16.15023422241211
16.06843376159668
16.350177764892578
16.25020408630371
17.27720069885254
17.440793991088867
17.08634376525879
17.231761932373047
17.649831771850586
17.831600189208984
17.50441551208496
17.240846633911133
18.449615478515625
19.3675537109375
18.98583602905273
18.7040958404541
18.849512100219727
18.449615478515625
18.59503173828125
18.58594512939453
18.913129806518555
18.785890579223636
18.731359481811523
18.34964370727539
18.240583419799805
17.586212158203125
17.843345642089844
17.769880294799805
17.880081176757812
17.64130973815918
17.55866241455078
17.43927764892578
17.521926879882812
17.154592514038086
17.026025772094727
17.117856979370117
17.4576416015625
17.907629013061523
17.577028274536133
17.43009376525879
16.79644203186035
16.456653594970703
16.732154846191406
16.419919967651367
15.40056324005127
15.079144477844238
15.483213424682615
15.42811107635498
15.244446754455566
15.749531745910645
15.712799072265623
15.777085304260254
16.318904876708984
15.354643821716309
15.657696723937988
16.291353225708008
16.00666618347168
15.942384719848633
15.8413667678833
16.025033950805664
15.969932556152344
15.57504653930664
15.676067352294922
15.39137840270996
15.630146980285645
15.418931007385254
15.56586456298828
16.309717178344727
16.346452713012695
16.465837478637695
16.254621505737305
16.208702087402344
15.859733581542969
15.832181930541992
15.363828659057615
15.363828659057615
15.244446754455566
15.16179370880127
15.767898559570312
15.905648231506348
15.611780166625977
15.648515701293944
15.409747123718262
16.254621505737305
16.383190155029297
16.00666618347168
15.76512622833252
15.57003688812256
15.635066986083984
15.57003688812256
15.830159187316896
16.108856201171875
15.096247673034668
15.15198802947998
15.059086799621582
14.947608947753906
14.63174819946289
14.724648475646973
14.845416069030762
15.449267387390137
15.300626754760742
15.885897636413574
15.876605987548828
15.337787628173828
15.309916496276855
15.291337013244627
15.179856300354004
15.560748100280762
15.72796630859375
15.988083839416504
16.0438289642334
15.94163703918457
15.960217475891112
16.00666618347168
15.997376441955566
15.876605987548828
16.173887252807617
16.118148803710938
16.09956932067871
16.192468643188477
15.978797912597656
15.848734855651855
15.560748100280762
15.114828109741213
15.142698287963867
15.0126371383667
14.798967361450195
15.040507316589355
15.3656587600708
15.15198802947998
15.040507316589355
15.22630786895752
15.3656587600708
15.291337013244627
15.133407592773438
14.994057655334473
15.356368064880373
15.07766819000244
14.93831729888916
15.198436737060549
15.3656587600708
15.27275562286377
15.244888305664062
15.51429843902588
15.124117851257324
15.37494659423828
15.792997360229492
16.015954971313477
15.848734855651855
15.94163703918457
15.66293716430664
15.523587226867676
15.532876014709473
15.950926780700684
16.118148803710938
16.719642639160156
16.635055541992188
17.133167266845703
17.92262840270996
18.289159774780277
17.960224151611328
17.86623764038086
18.35495376586914
18.674495697021484
18.27036476135254
18.57111549377441
18.834266662597656
17.90382957458496
17.997814178466797
17.91322898864746
17.274141311645508
16.46588706970215
15.967774391174316
15.88318920135498
15.751611709594728
15.89258861541748
15.742213249206545
15.591841697692873
15.742213249206545
15.44146728515625
15.77980613708496
16.052358627319336
16.230928421020508
15.986570358276367
16.08995246887207
16.07115364074707
17.0955753326416
17.283538818359375
17.217750549316406
17.283538818359375
17.245946884155273
17.311735153198242
16.84181785583496
16.67264747619629
16.512876510620117
16.09935188293457
15.901984214782717
16.09935188293457
15.930181503295898
16.080554962158203
16.644453048706055
16.794828414916992
17.020387649536133
17.02978515625
17.452709197998047
17.15196418762207
17.048582077026367
16.766632080078125
16.494081497192383
16.588062286376953
16.663251876831055
16.93890953063965
16.53017234802246
17.129024505615234
17.16704750061035
17.15753746032715
17.062484741210938
16.967430114746094
17.214574813842773
17.08149528503418
17.879961013793945
18.0700740814209
18.45029640197754
18.70694732666016
18.79249763488769
18.5833740234375
17.851444244384766
18.03205108642578
18.051061630249023
18.621395111083984
18.279193878173828
18.61189079284668
18.66892433166504
18.763978958129883
18.46930694580078
18.31722068786621
18.022544860839844
18.35523796081543
21.5015811920166
20.58904838562012
20.9122371673584
21.929332733154297
21.87230110168457
21.45405387878418
21.5015811920166
21.40652847290039
21.40652847290039
21.378009796142575
21.45405387878418
22.043397903442383
22.65175437927246
22.8133487701416
22.65175437927246
22.65175437927246
22.262025833129883
22.15746688842773
21.834274291992188
22.357084274291992
21.843780517578125
22.100431442260746
22.03389358520508
22.081418991088867
22.22400283813477
21.710702896118164
21.587129592895508
21.89130973815918
21.67268180847168
20.313385009765625
20.237342834472656
20.9122371673584
20.6936092376709
20.893224716186523
21.10234832763672
20.864709854125977
20.636573791503903
20.540637969970703
19.9937801361084
20.33916282653809
20.310380935668945
19.964998245239254
19.61002540588379
18.79453659057617
18.80413055419922
19.64839744567871
19.92662239074707
19.542865753173828
19.69637107849121
19.90743637084961
19.849872589111328
19.821090698242188
19.849872589111328
20.166473388671875
20.0897216796875
19.94581413269043
20.2048454284668
19.9937801361084
19.523679733276367
19.974594116210938
20.05134391784668
19.9937801361084
19.60042953491211
19.360578536987305
19.792308807373047
19.17829704284668
19.542865753173828
19.456520080566406
19.60042953491211
19.60042953491211
19.3317985534668
19.01519775390625
18.84250831604004
18.96723175048828
19.053577423095703
19.082355499267575
19.35098648071289
19.341392517089844
18.7177848815918
18.63144302368164
18.573877334594727
18.6506290435791
18.26687240600586
17.796768188476562
17.844738006591797
17.67204475402832
18.01742935180664
18.01742935180664
17.95026969909668
18.01742935180664
17.854331970214844
17.940677642822266
18.343624114990234
18.17093086242676
18.094179153442383
18.06539726257324
17.71042251586914
17.71042251586914
17.69123649597168
17.885217666625977
16.546733856201172
16.343053817749023
16.22666358947754
16.22666358947754
16.983198165893555
16.03268051147461
15.916292190551758
16.304256439208984
16.740718841552734
16.944398880004883
17.16748046875
17.186878204345703
17.85611915588379
18.214988708496094
18.34107780456543
17.904613494873047
17.962810516357422
18.214988708496094
17.982208251953125
18.185890197753903
18.50596046447754
18.40896987915039
18.29258155822754
18.27318382263184
18.6805477142334
18.60295295715332
19.349788665771484
19.398283004760746
19.22369766235352
19.369186401367188
19.18490219116211
19.07821083068848
19.000619888305664
18.476863861083984
18.39927291870117
18.370174407958984
18.71934127807617
18.15679359436035
18.31197929382324
18.185890197753903
17.836719512939453
18.01130485534668
17.991907119750977
18.030704498291016
18.428369522094727
18.583555221557617
18.738740921020508
18.44776725769043
18.370174407958984
17.982208251953125
17.788225173950195
17.603940963745117
17.817323684692383
17.94341278076172
18.476863861083984
18.583555221557617
18.64175033569336
19.068511962890625
19.087909698486328
19.19460105895996
19.8929386138916
20.106321334838867
20.339099884033203
20.019027709960938
20.3003044128418
20.203311920166016
20.41876220703125
20.389381408691406
20.751728057861328
20.09558868408203
20.29145050048828
20.653797149658203
20.64400291442871
20.389381408691406
20.379589080810547
20.497106552124023
19.351306915283203
18.87144088745117
18.97916412353516
18.773509979248047
18.39157485961914
18.303436279296875
17.99005699157715
18.303436279296875
18.763715744018555
18.64619827270508
18.63640594482422
18.46012687683105
18.42095375061035
19.29254913330078
19.410064697265625
19.25337219238281
18.93999290466309
19.01833724975586
18.91061210632324
18.891027450561523
18.85185432434082
19.850757598876957
19.61572265625
19.84096336364746
20.007448196411133
19.7919979095459
19.71365165710449
19.48841094970703
19.51778984069824
20.02703666687012
19.89972305297852
19.78220558166504
19.77241325378418
19.90951538085937
19.90951538085937
19.684274673461918
19.59613609313965
19.106475830078125
19.155441284179688
19.7919979095459
19.537376403808597
19.263168334960938
19.17502784729004
19.18482208251953
19.12606239318848
18.98895835876465
18.67557716369629
18.51888656616211
18.49909210205078
18.59807014465332
18.78612899780273
18.904903411865234
18.706945419311523
18.647558212280277
18.51888656616211
17.86562728881836
18.370418548583984
19.083065032958984
18.7960262298584
18.00419807434082
18.350624084472656
18.81582260131836
18.53868103027344
18.429805755615234
18.45949935913086
18.87520980834961
18.766332626342773
18.944494247436523
18.38031578063965
18.370418548583984
18.18235969543457
18.27143859863281
18.27143859863281
18.489192962646484
18.508989334106445
18.51888656616211
18.40011215209961
18.528783798217773
18.51888656616211
18.44960021972656
18.667354583740234
18.00419807434082
18.27143859863281
18.4397029876709
18.667354583740234
19.27112197875977
19.43938636779785
20.01346206665039
19.7363224029541
19.478979110717773
19.56805992126465
19.577957153320312
19.75611686706543
19.63734436035156
19.300817489624023
19.40969467163086
19.43938636779785
20.16193199157715
20.02335929870605
19.716527938842773
19.9837703704834
19.79570960998535
20.043155670166016
19.45918273925781
19.340410232543945
19.36020278930664
19.340410232543945
19.340410232543945
19.3799991607666
19.18000030517578
18.799999237060547
18.600000381469727
18.670000076293945
19.149999618530277
19.26000022888184
19.06999969482422
19.559999465942383
19.38999938964844
19.06999969482422
19.149999618530277
19.299999237060547
19.8799991607666
19.920000076293945
19.76000022888184
20.799999237060547
20.729999542236328
19.84000015258789
19.84000015258789
19.600000381469727
19.36000061035156
19.51000022888184
19.709999084472656
20.1200008392334
20.36000061035156
20.75
20.96999931335449
21.43000030517578
21.21999931335449
20.920000076293945
20.6200008392334
20.450000762939453
20.549999237060547
20.799999237060547
20.690000534057617
20.530000686645508
20.479999542236328
19.5
19.6200008392334
20.01000022888184
19.979999542236328
19.229999542236328
19.559999465942383
19.56999969482422
19.489999771118164
19.239999771118164
18.90999984741211
19.239999771118164
18.81999969482422
18.809999465942383
18.86000061035156
18.790000915527344
19.01000022888184
18.920000076293945
18.59000015258789
18.8799991607666
18.600000381469727
19.229999542236328
19.18000030517578
19.280000686645508
19.34000015258789
18.989999771118164
